                    100
             0.50000000000000000000             0.50000000000000000000             0.00000000000000000000             0.00000000000000000000             0.00000000000000000000             4.00000000000000000000           150.25000000000000000000             0.00000000000000000000
             0.50000000000000000000             0.50000000000000000000             0.00000000000000000000             0.00000000000000000000             0.00000000000000000000             4.00000000000000000000           150.75000000000000000000             0.00000000000000000000
             0.50000000000000000000             0.50000000000000000000             0.00000000000000000000             0.00000000000000000000             0.00000000000000000000             4.00000000000000000000           151.25000000000000000000             0.00000000000000000000
             0.50000000000000000000             0.50000000000000000000             0.00000000000000000000             0.00000000000000000000             0.00000000000000000000             4.00000000000000000000           151.75000000000000000000             0.00000000000000000000
             0.50000000000000000000             0.50000000000000000000             0.00000000000000000000             0.00000000000000000000             0.00000000000000000000             4.00000000000000000000           152.25000000000000000000             0.00000000000000000000
             0.50000000000000000000             0.50000000000000000000             0.00000000000000000000             0.00000000000000000000             0.00000000000000000000             4.00000000000000000000           152.75000000000000000000             0.00000000000000000000
             0.50000000000000000000             0.50000000000000000000             0.00000000000000000000             0.00000000000000000000             0.00000000000000000000             4.00000000000000000000           153.25000000000000000000             0.00000000000000000000
             0.50000000000000000000             0.50000000000000000000             0.00000000000000000000             0.00000000000000000000             0.00000000000000000000             4.00000000000000000000           153.75000000000000000000             0.00000000000000000000
             0.50000000000000000000             0.50000000000000000000             0.00000000000000000000             0.00000000000000000000             0.00000000000000000000             4.00000000000000000000           154.25000000000000000000             0.00000000000000000000
             0.50000000000000000000             0.50000000000000000000             0.00000000000000000000             0.00000000000000000000             0.00000000000000000000             4.00000000000000000000           154.75000000000000000000             0.00000000000000000000
             0.50000000000000000000             0.50000000000000000000             0.00000000000000000000             0.00000000000000000000             0.00000000000000000000             4.00000000000000000000           155.25000000000000000000             0.00000000000000000000
             0.50000000000000000000             0.50000000000000000000             0.00000000000000000000             0.00000000000000000000             0.00000000000000000000             4.00000000000000000000           155.75000000000000000000             0.00000000000000000000
             0.50000000000000000000             0.50000000000000000000             0.00000000000000000000             0.00000000000000000000             0.00000000000000000000             4.00000000000000000000           156.25000000000000000000             0.00000000000000000000
             0.50000000000000000000             0.50000000000000000000             0.00000000000000000000             0.00000000000000000000             0.00000000000000000000             4.00000000000000000000           156.75000000000000000000             0.00000000000000000000
             0.50000000000000000000             0.50000000000000000000             0.00000000000000000000             0.00000000000000000000             0.00000000000000000000             4.00000000000000000000           157.25000000000000000000             0.00000000000000000000
             0.50000000000000000000             0.50000000000000000000             0.00000000000000000000             0.00000000000000000000             0.00000000000000000000             4.00000000000000000000           157.75000000000000000000             0.00000000000000000000
             0.50000000000000000000             0.50000000000000000000             0.00000000000000000000             0.00000000000000000000             0.00000000000000000000             4.00000000000000000000           158.25000000000000000000             0.00000000000000000000
             0.50000000000000000000             0.50000000000000000000             0.00000000000000000000             0.00000000000000000000             0.00000000000000000000             4.00000000000000000000           158.75000000000000000000             0.00000000000000000000
             0.50000000000000000000             0.50000000000000000000             0.00000000000000000000             0.00000000000000000000             0.00000000000000000000             4.00000000000000000000           159.25000000000000000000             0.00000000000000000000
             0.50000000000000000000             0.50000000000000000000             0.00000000000000000000             0.00000000000000000000             0.00000000000000000000             4.00000000000000000000           159.75000000000000000000             0.00000000000000000000
             0.50000000000000000000             0.50000000000000000000             0.00000000000000000000             0.00000000000000000000             0.00000000000000000000             4.00000000000000000000           160.25000000000000000000             0.00000000000000000000
             0.50000000000000000000             0.50000000000000000000             0.00000000000000000000             0.00000000000000000000             0.00000000000000000000             4.00000000000000000000           160.75000000000000000000             0.00000000000000000000
             0.50000000000000000000             0.50000000000000000000             0.00000000000000000000             0.00000000000000000000             0.00000000000000000000             4.00000000000000000000           161.25000000000000000000             0.00000000000000000000
             0.50000000000000000000             0.50000000000000000000             0.00000000000000000000             0.00000000000000000000             0.00000000000000000000             4.00000000000000000000           161.75000000000000000000             0.00000000000000000000
             0.50000000000000000000             0.50000000000000000000             0.00000000000000000000             0.00000000000000000000             0.00000000000000000000             4.00000000000000000000           162.25000000000000000000             0.00000000000000000000
             0.50000000000000000000             0.50000000000000000000             0.00000000000000000000             0.00000000000000000000             0.00000000000000000000             4.00000000000000000000           162.75000000000000000000             0.00000000000000000000
             0.50000000000000000000             0.50000000000000000000             0.00000000000000000000             0.00000000000000000000             0.00000000000000000000             4.00000000000000000000           163.25000000000000000000             0.00000000000000000000
             0.50000000000000000000             0.50000000000000000000             0.00000000000000000000             0.00000000000000000000             0.00000000000000000000             4.00000000000000000000           163.75000000000000000000             0.00000000000000000000
             0.50000000000000000000             0.50000000000000000000             0.00000000000000000000             0.00000000000000000000             0.00000000000000000000             4.00000000000000000000           164.25000000000000000000             0.00000000000000000000
             0.50000000000000000000             0.50000000000000000000             0.00000000000000000000             0.00000000000000000000             0.00000000000000000000             4.00000000000000000000           164.75000000000000000000             0.00000000000000000000
             0.50000000000000000000             0.50000000000000000000             0.00000000000000000000             0.00000000000000000000             0.00000000000000000000             4.00000000000000000000           165.25000000000000000000             0.00000000000000000000
             0.50000000000000000000             0.50000000000000000000             0.00000000000000000000             0.00000000000000000000             0.00000000000000000000             4.00000000000000000000           165.75000000000000000000             0.00000000000000000000
             0.50000000000000000000             0.50000000000000000000             0.00000000000000000000             0.00000000000000000000             0.00000000000000000000             4.00000000000000000000           166.25000000000000000000             0.00000000000000000000
             0.50000000000000000000             0.50000000000000000000             0.00000000000000000000             0.00000000000000000000             0.00000000000000000000             4.00000000000000000000           166.75000000000000000000             0.00000000000000000000
             0.50000000000000000000             0.50000000000000000000             0.00000000000000000000             0.00000000000000000000             0.00000000000000000000             4.00000000000000000000           167.25000000000000000000             0.00000000000000000000
             0.50000000000000000000             0.50000000000000000000             0.00000000000000000000             0.00000000000000000000             0.00000000000000000000             4.00000000000000000000           167.75000000000000000000             0.00000000000000000000
             0.50000000000000000000             0.50000000000000000000             0.00000000000000000000             0.00000000000000000000             0.00000000000000000000             4.00000000000000000000           168.25000000000000000000             0.00000000000000000000
             0.50000000000000000000             0.50000000000000000000             0.00000000000000000000             0.00000000000000000000             0.00000000000000000000             4.00000000000000000000           168.75000000000000000000             0.00000000000000000000
             0.50000000000000000000             0.50000000000000000000             0.00000000000000000000             0.00000000000000000000             0.00000000000000000000             4.00000000000000000000           169.25000000000000000000             0.00000000000000000000
             0.50000000000000000000             0.50000000000000000000             0.00000000000000000000             0.00000000000000000000             0.00000000000000000000             4.00000000000000000000           169.75000000000000000000             0.00000000000000000000
             0.50000000000000000000             0.50000000000000000000             0.00000000000000000000             0.00000000000000000000             0.00000000000000000000             4.00000000000000000000           170.25000000000000000000             0.00000000000000000000
             0.50000000000000000000             0.50000000000000000000             0.00000000000000000000             0.00000000000000000000             0.00000000000000000000             4.00000000000000000000           170.75000000000000000000             0.00000000000000000000
             0.50000000000000000000             0.50000000000000000000             0.00000000000000000000             0.00000000000000000000             0.00000000000000000000             4.00000000000000000000           171.25000000000000000000             0.00000000000000000000
             0.50000000000000000000             0.50000000000000000000             0.00000000000000000000             0.00000000000000000000             0.00000000000000000000             4.00000000000000000000           171.75000000000000000000             0.00000000000000000000
             0.50000000000000000000             0.50000000000000000000             0.00000000000000000000             0.00000000000000000000             0.00000000000000000000             4.00000000000000000000           172.25000000000000000000             0.00000000000000000000
             0.50000000000000000000             0.50000000000000000000             0.00000000000000000000             0.00000000000000000000             0.00000000000000000000             4.00000000000000000000           172.75000000000000000000             0.00000000000000000000
             0.50000000000000000000             0.50000000000000000000             0.00000000000000000000             0.00000000000000000000             0.00000000000000000000             4.00000000000000000000           173.25000000000000000000             0.00000000000000000000
             0.50000000000000000000             0.50000000000000000000             0.00000000000000000000             0.00000000000000000000             0.00000000000000000000             4.00000000000000000000           173.75000000000000000000             0.00000000000000000000
             0.50000000000000000000             0.50000000000000000000             0.00000000000000000000             0.00000000000000000000             0.00000000000000000000             4.00000000000000000000           174.25000000000000000000             0.00000000000000000000
             0.50000000000000000000             0.50000000000000000000             0.00000000000000000000             0.00000000000000000000             0.00000000000000000000             4.00000000000000000000           174.75000000000000000000             0.00000000000000000000
             0.50000000000000000000             0.50000000000000000000             0.00000000000000000000             0.00000000000000000000             0.00000000000000000000             4.00000000000000000000           175.25000000000000000000             0.00000000000000000000
             0.50000000000000000000             0.50000000000000000000             0.00000000000000000000             0.00000000000000000000             0.00000000000000000000             4.00000000000000000000           175.75000000000000000000             0.00000000000000000000
             0.50000000000000000000             0.50000000000000000000             0.00000000000000000000             0.00000000000000000000             0.00000000000000000000             4.00000000000000000000           176.25000000000000000000             0.00000000000000000000
             0.50000000000000000000             0.50000000000000000000             0.00000000000000000000             0.00000000000000000000             0.00000000000000000000             4.00000000000000000000           176.75000000000000000000             0.00000000000000000000
             0.50000000000000000000             0.50000000000000000000             0.00000000000000000000             0.00000000000000000000             0.00000000000000000000             4.00000000000000000000           177.25000000000000000000             0.00000000000000000000
             0.50000000000000000000             0.50000000000000000000             0.00000000000000000000             0.00000000000000000000             0.00000000000000000000             4.00000000000000000000           177.75000000000000000000             0.00000000000000000000
             0.50000000000000000000             0.50000000000000000000             0.00000000000000000000             0.00000000000000000000             0.00000000000000000000             4.00000000000000000000           178.25000000000000000000             0.00000000000000000000
             0.50000000000000000000             0.50000000000000000000             0.00000000000000000000             0.00000000000000000000             0.00000000000000000000             4.00000000000000000000           178.75000000000000000000             0.00000000000000000000
             0.50000000000000000000             0.50000000000000000000             0.00000000000000000000             0.00000000000000000000             0.00000000000000000000             4.00000000000000000000           179.25000000000000000000             0.00000000000000000000
             0.50000000000000000000             0.50000000000000000000             0.00000000000000000000             0.00000000000000000000             0.00000000000000000000             4.00000000000000000000           179.75000000000000000000             0.00000000000000000000
             0.50000000000000000000             0.50000000000000000000             0.00000000000000000000             0.00000000000000000000             0.00000000000000000000             4.00000000000000000000           180.25000000000000000000             0.00000000000000000000
             0.50000000000000000000             0.50000000000000000000             0.00000000000000000000             0.00000000000000000000             0.00000000000000000000             4.00000000000000000000           180.75000000000000000000             0.00000000000000000000
             0.50000000000000000000             0.50000000000000000000             0.00000000000000000000             0.00000000000000000000             0.00000000000000000000             4.00000000000000000000           181.25000000000000000000             0.00000000000000000000
             0.50000000000000000000             0.50000000000000000000             0.00000000000000000000             0.00000000000000000000             0.00000000000000000000             4.00000000000000000000           181.75000000000000000000             0.00000000000000000000
             0.50000000000000000000             0.50000000000000000000             0.00000000000000000000             0.00000000000000000000             0.00000000000000000000             4.00000000000000000000           182.25000000000000000000             0.00000000000000000000
             0.50000000000000000000             0.50000000000000000000             0.00000000000000000000             0.00000000000000000000             0.00000000000000000000             4.00000000000000000000           182.75000000000000000000             0.00000000000000000000
             0.50000000000000000000             0.50000000000000000000             0.00000000000000000000             0.00000000000000000000             0.00000000000000000000             4.00000000000000000000           183.25000000000000000000             0.00000000000000000000
             0.50000000000000000000             0.50000000000000000000             0.00000000000000000000             0.00000000000000000000             0.00000000000000000000             4.00000000000000000000           183.75000000000000000000             0.00000000000000000000
             0.50000000000000000000             0.50000000000000000000             0.00000000000000000000             0.00000000000000000000             0.00000000000000000000             4.00000000000000000000           184.25000000000000000000             0.00000000000000000000
             0.50000000000000000000             0.50000000000000000000             0.00000000000000000000             0.00000000000000000000             0.00000000000000000000             4.00000000000000000000           184.75000000000000000000             0.00000000000000000000
             0.50000000000000000000             0.50000000000000000000             0.00000000000000000000             0.00000000000000000000             0.00000000000000000000             4.00000000000000000000           185.25000000000000000000             0.00000000000000000000
             0.50000000000000000000             0.50000000000000000000             0.00000000000000000000             0.00000000000000000000             0.00000000000000000000             4.00000000000000000000           185.75000000000000000000             0.00000000000000000000
             0.50000000000000000000             0.50000000000000000000             0.00000000000000000000             0.00000000000000000000             0.00000000000000000000             4.00000000000000000000           186.25000000000000000000             0.00000000000000000000
             0.50000000000000000000             0.50000000000000000000             0.00000000000000000000             0.00000000000000000000             0.00000000000000000000             4.00000000000000000000           186.75000000000000000000             0.00000000000000000000
             0.50000000000000000000             0.50000000000000000000             0.00000000000000000000             0.00000000000000000000             0.00000000000000000000             4.00000000000000000000           187.25000000000000000000             0.00000000000000000000
             0.50000000000000000000             0.50000000000000000000             0.00000000000000000000             0.00000000000000000000             0.00000000000000000000             4.00000000000000000000           187.75000000000000000000             0.00000000000000000000
             0.50000000000000000000             0.50000000000000000000             0.00000000000000000000             0.00000000000000000000             0.00000000000000000000             4.00000000000000000000           188.25000000000000000000             0.00000000000000000000
             0.50000000000000000000             0.50000000000000000000             0.00000000000000000000             0.00000000000000000000             0.00000000000000000000             4.00000000000000000000           188.75000000000000000000             0.00000000000000000000
             0.50000000000000000000             0.50000000000000000000             0.00000000000000000000             0.00000000000000000000             0.00000000000000000000             4.00000000000000000000           189.25000000000000000000             0.00000000000000000000
             0.50000000000000000000             0.50000000000000000000             0.00000000000000000000             0.00000000000000000000             0.00000000000000000000             4.00000000000000000000           189.75000000000000000000             0.00000000000000000000
             0.50000000000000000000             0.50000000000000000000             0.00000000000000000000             0.00000000000000000000             0.00000000000000000000             4.00000000000000000000           190.25000000000000000000             0.00000000000000000000
             0.50000000000000000000             0.50000000000000000000             0.00000000000000000000             0.00000000000000000000             0.00000000000000000000             4.00000000000000000000           190.75000000000000000000             0.00000000000000000000
             0.50000000000000000000             0.50000000000000000000             0.00000000000000000000             0.00000000000000000000             0.00000000000000000000             4.00000000000000000000           191.25000000000000000000             0.00000000000000000000
             0.50000000000000000000             0.50000000000000000000             0.00000000000000000000             0.00000000000000000000             0.00000000000000000000             4.00000000000000000000           191.75000000000000000000             0.00000000000000000000
             0.50000000000000000000             0.50000000000000000000             0.00000000000000000000             0.00000000000000000000             0.00000000000000000000             4.00000000000000000000           192.25000000000000000000             0.00000000000000000000
             0.50000000000000000000             0.50000000000000000000             0.00000000000000000000             0.00000000000000000000             0.00000000000000000000             4.00000000000000000000           192.75000000000000000000             0.00000000000000000000
             0.50000000000000000000             0.50000000000000000000             0.00000000000000000000             0.00000000000000000000             0.00000000000000000000             4.00000000000000000000           193.25000000000000000000             0.00000000000000000000
             0.50000000000000000000             0.50000000000000000000             0.00000000000000000000             0.00000000000000000000             0.00000000000000000000             4.00000000000000000000           193.75000000000000000000             0.00000000000000000000
             0.50000000000000000000             0.50000000000000000000             0.00000000000000000000             0.00000000000000000000             0.00000000000000000000             4.00000000000000000000           194.25000000000000000000             0.00000000000000000000
             0.50000000000000000000             0.50000000000000000000             0.00000000000000000000             0.00000000000000000000             0.00000000000000000000             4.00000000000000000000           194.75000000000000000000             0.00000000000000000000
             0.50000000000000000000             0.50000000000000000000             0.00000000000000000000             0.00000000000000000000             0.00000000000000000000             4.00000000000000000000           195.25000000000000000000             0.00000000000000000000
             0.50000000000000000000             0.50000000000000000000             0.00000000000000000000             0.00000000000000000000             0.00000000000000000000             4.00000000000000000000           195.75000000000000000000             0.00000000000000000000
             0.50000000000000000000             0.50000000000000000000             0.00000000000000000000             0.00000000000000000000             0.00000000000000000000             4.00000000000000000000           196.25000000000000000000             0.00000000000000000000
             0.50000000000000000000             0.50000000000000000000             0.00000000000000000000             0.00000000000000000000             0.00000000000000000000             4.00000000000000000000           196.75000000000000000000             0.00000000000000000000
             0.50000000000000000000             0.50000000000000000000             0.00000000000000000000             0.00000000000000000000             0.00000000000000000000             4.00000000000000000000           197.25000000000000000000             0.00000000000000000000
             0.50000000000000000000             0.50000000000000000000             0.00000000000000000000             0.00000000000000000000             0.00000000000000000000             4.00000000000000000000           197.75000000000000000000             0.00000000000000000000
             0.50000000000000000000             0.50000000000000000000             0.00000000000000000000             0.00000000000000000000             0.00000000000000000000             4.00000000000000000000           198.25000000000000000000             0.00000000000000000000
             0.50000000000000000000             0.50000000000000000000             0.00000000000000000000             0.00000000000000000000             0.00000000000000000000             4.00000000000000000000           198.75000000000000000000             0.00000000000000000000
             0.50000000000000000000             0.50000000000000000000             0.00000000000000000000             0.00000000000000000000             0.00000000000000000000             4.00000000000000000000           199.25000000000000000000             0.00000000000000000000
             0.50000000000000000000             0.00000000000000000000             0.00000000000000000000             0.00000000000000000000             0.00000000000000000000             4.00000000000000000000           199.75000000000000000000             0.00000000000000000000
             0.00000000000000000000
