                    100
             0.50000000000000000000             0.50000000000000000000             0.00000000000000000000             0.00000000000000000000             0.00000000000000000000             4.00000000000000000000             0.25000000000000000000             0.00000000000000000000
             0.50000000000000000000             0.50000000000000000000             0.00000000000000000000             0.00000000000000000000             0.00000000000000000000             4.00000000000000000000             0.75000000000000000000             0.00000000000000000000
             0.50000000000000000000             0.50000000000000000000             0.00000000000000000000             0.00000000000000000000             0.00000000000000000000             4.00000000000000000000             1.25000000000000000000             0.00000000000000000000
             0.50000000000000000000             0.50000000000000000000             0.00000000000000000000             0.00000000000000000000             0.00000000000000000000             4.00000000000000000000             1.75000000000000000000             0.00000000000000000000
             0.50000000000000000000             0.50000000000000000000             0.00000000000000000000             0.00000000000000000000             0.00000000000000000000             4.00000000000000000000             2.25000000000000000000             0.00000000000000000000
             0.50000000000000000000             0.50000000000000000000             0.00000000000000000000             0.00000000000000000000             0.00000000000000000000             4.00000000000000000000             2.75000000000000000000             0.00000000000000000000
             0.50000000000000000000             0.50000000000000000000             0.00000000000000000000             0.00000000000000000000             0.00000000000000000000             4.00000000000000000000             3.25000000000000000000             0.00000000000000000000
             0.50000000000000000000             0.50000000000000000000             0.00000000000000000000             0.00000000000000000000             0.00000000000000000000             4.00000000000000000000             3.75000000000000000000             0.00000000000000000000
             0.50000000000000000000             0.50000000000000000000             0.00000000000000000000             0.00000000000000000000             0.00000000000000000000             4.00000000000000000000             4.25000000000000000000             0.00000000000000000000
             0.50000000000000000000             0.50000000000000000000             0.00000000000000000000             0.00000000000000000000             0.00000000000000000000             4.00000000000000000000             4.75000000000000000000             0.00000000000000000000
             0.50000000000000000000             0.50000000000000000000             0.00000000000000000000             0.00000000000000000000             0.00000000000000000000             4.00000000000000000000             5.25000000000000000000             0.00000000000000000000
             0.50000000000000000000             0.50000000000000000000             0.00000000000000000000             0.00000000000000000000             0.00000000000000000000             4.00000000000000000000             5.75000000000000000000             0.00000000000000000000
             0.50000000000000000000             0.50000000000000000000             0.00000000000000000000             0.00000000000000000000             0.00000000000000000000             4.00000000000000000000             6.25000000000000000000             0.00000000000000000000
             0.50000000000000000000             0.50000000000000000000             0.00000000000000000000             0.00000000000000000000             0.00000000000000000000             4.00000000000000000000             6.75000000000000000000             0.00000000000000000000
             0.50000000000000000000             0.50000000000000000000             0.00000000000000000000             0.00000000000000000000             0.00000000000000000000             4.00000000000000000000             7.25000000000000000000             0.00000000000000000000
             0.50000000000000000000             0.50000000000000000000             0.00000000000000000000             0.00000000000000000000             0.00000000000000000000             4.00000000000000000000             7.75000000000000000000             0.00000000000000000000
             0.50000000000000000000             0.50000000000000000000             0.00000000000000000000             0.00000000000000000000             0.00000000000000000000             4.00000000000000000000             8.25000000000000000000             0.00000000000000000000
             0.50000000000000000000             0.50000000000000000000             0.00000000000000000000             0.00000000000000000000             0.00000000000000000000             4.00000000000000000000             8.75000000000000000000             0.00000000000000000000
             0.50000000000000000000             0.50000000000000000000             0.00000000000000000000             0.00000000000000000000             0.00000000000000000000             4.00000000000000000000             9.25000000000000000000             0.00000000000000000000
             0.50000000000000000000             0.50000000000000000000             0.00000000000000000000             0.00000000000000000000             0.00000000000000000000             4.00000000000000000000             9.75000000000000000000             0.00000000000000000000
             0.50000000000000000000             0.50000000000000000000             0.00000000000000000000             0.00000000000000000000             0.00000000000000000000             4.00000000000000000000            10.25000000000000000000             0.00000000000000000000
             0.50000000000000000000             0.50000000000000000000             0.00000000000000000000             0.00000000000000000000             0.00000000000000000000             4.00000000000000000000            10.75000000000000000000             0.00000000000000000000
             0.50000000000000000000             0.50000000000000000000             0.00000000000000000000             0.00000000000000000000             0.00000000000000000000             4.00000000000000000000            11.25000000000000000000             0.00000000000000000000
             0.50000000000000000000             0.50000000000000000000             0.00000000000000000000             0.00000000000000000000             0.00000000000000000000             4.00000000000000000000            11.75000000000000000000             0.00000000000000000000
             0.50000000000000000000             0.50000000000000000000             0.00000000000000000000             0.00000000000000000000             0.00000000000000000000             4.00000000000000000000            12.25000000000000000000             0.00000000000000000000
             0.50000000000000000000             0.50000000000000000000             0.00000000000000000000             0.00000000000000000000             0.00000000000000000000             4.00000000000000000000            12.75000000000000000000             0.00000000000000000000
             0.50000000000000000000             0.50000000000000000000             0.00000000000000000000             0.00000000000000000000             0.00000000000000000000             4.00000000000000000000            13.25000000000000000000             0.00000000000000000000
             0.50000000000000000000             0.50000000000000000000             0.00000000000000000000             0.00000000000000000000             0.00000000000000000000             4.00000000000000000000            13.75000000000000000000             0.00000000000000000000
             0.50000000000000000000             0.50000000000000000000             0.00000000000000000000             0.00000000000000000000             0.00000000000000000000             4.00000000000000000000            14.25000000000000000000             0.00000000000000000000
             0.50000000000000000000             0.50000000000000000000             0.00000000000000000000             0.00000000000000000000             0.00000000000000000000             4.00000000000000000000            14.75000000000000000000             0.00000000000000000000
             0.50000000000000000000             0.50000000000000000000             0.00000000000000000000             0.00000000000000000000             0.00000000000000000000             4.00000000000000000000            15.25000000000000000000             0.00000000000000000000
             0.50000000000000000000             0.50000000000000000000             0.00000000000000000000             0.00000000000000000000             0.00000000000000000000             4.00000000000000000000            15.75000000000000000000             0.00000000000000000000
             0.50000000000000000000             0.50000000000000000000             0.00000000000000000000             0.00000000000000000000             0.00000000000000000000             4.00000000000000000000            16.25000000000000000000             0.00000000000000000000
             0.50000000000000000000             0.50000000000000000000             0.00000000000000000000             0.00000000000000000000             0.00000000000000000000             4.00000000000000000000            16.75000000000000000000             0.00000000000000000000
             0.50000000000000000000             0.50000000000000000000             0.00000000000000000000             0.00000000000000000000             0.00000000000000000000             4.00000000000000000000            17.25000000000000000000             0.00000000000000000000
             0.50000000000000000000             0.50000000000000000000             0.00000000000000000000             0.00000000000000000000             0.00000000000000000000             4.00000000000000000000            17.75000000000000000000             0.00000000000000000000
             0.50000000000000000000             0.50000000000000000000             0.00000000000000000000             0.00000000000000000000             0.00000000000000000000             4.00000000000000000000            18.25000000000000000000             0.00000000000000000000
             0.50000000000000000000             0.50000000000000000000             0.00000000000000000000             0.00000000000000000000             0.00000000000000000000             4.00000000000000000000            18.75000000000000000000             0.00000000000000000000
             0.50000000000000000000             0.50000000000000000000             0.00000000000000000000             0.00000000000000000000             0.00000000000000000000             4.00000000000000000000            19.25000000000000000000             0.00000000000000000000
             0.50000000000000000000             0.50000000000000000000             0.00000000000000000000             0.00000000000000000000             0.00000000000000000000             4.00000000000000000000            19.75000000000000000000             0.00000000000000000000
             0.50000000000000000000             0.50000000000000000000             0.00000000000000000000             0.00000000000000000000             0.00000000000000000000             4.00000000000000000000            20.25000000000000000000             0.00000000000000000000
             0.50000000000000000000             0.50000000000000000000             0.00000000000000000000             0.00000000000000000000             0.00000000000000000000             4.00000000000000000000            20.75000000000000000000             0.00000000000000000000
             0.50000000000000000000             0.50000000000000000000             0.00000000000000000000             0.00000000000000000000             0.00000000000000000000             4.00000000000000000000            21.25000000000000000000             0.00000000000000000000
             0.50000000000000000000             0.50000000000000000000             0.00000000000000000000             0.00000000000000000000             0.00000000000000000000             4.00000000000000000000            21.75000000000000000000             0.00000000000000000000
             0.50000000000000000000             0.50000000000000000000             0.00000000000000000000             0.00000000000000000000             0.00000000000000000000             4.00000000000000000000            22.25000000000000000000             0.00000000000000000000
             0.50000000000000000000             0.50000000000000000000             0.00000000000000000000             0.00000000000000000000             0.00000000000000000000             4.00000000000000000000            22.75000000000000000000             0.00000000000000000000
             0.50000000000000000000             0.50000000000000000000             0.00000000000000000000             0.00000000000000000000             0.00000000000000000000             4.00000000000000000000            23.25000000000000000000             0.00000000000000000000
             0.50000000000000000000             0.50000000000000000000             0.00000000000000000000             0.00000000000000000000             0.00000000000000000000             4.00000000000000000000            23.75000000000000000000             0.00000000000000000000
             0.50000000000000000000             0.50000000000000000000             0.00000000000000000000             0.00000000000000000000             0.00000000000000000000             4.00000000000000000000            24.25000000000000000000             0.00000000000000000000
             0.50000000000000000000             0.50000000000000000000             0.00000000000000000000             0.00000000000000000000             0.00000000000000000000             4.00000000000000000000            24.75000000000000000000             0.00000000000000000000
             0.50000000000000000000             0.50000000000000000000             0.00000000000000000000             0.00000000000000000000             0.00000000000000000000             4.00000000000000000000            25.25000000000000000000             0.00000000000000000000
             0.50000000000000000000             0.50000000000000000000             0.00000000000000000000             0.00000000000000000000             0.00000000000000000000             4.00000000000000000000            25.75000000000000000000             0.00000000000000000000
             0.50000000000000000000             0.50000000000000000000             0.00000000000000000000             0.00000000000000000000             0.00000000000000000000             4.00000000000000000000            26.25000000000000000000             0.00000000000000000000
             0.50000000000000000000             0.50000000000000000000             0.00000000000000000000             0.00000000000000000000             0.00000000000000000000             4.00000000000000000000            26.75000000000000000000             0.00000000000000000000
             0.50000000000000000000             0.50000000000000000000             0.00000000000000000000             0.00000000000000000000             0.00000000000000000000             4.00000000000000000000            27.25000000000000000000             0.00000000000000000000
             0.50000000000000000000             0.50000000000000000000             0.00000000000000000000             0.00000000000000000000             0.00000000000000000000             4.00000000000000000000            27.75000000000000000000             0.00000000000000000000
             0.50000000000000000000             0.50000000000000000000             0.00000000000000000000             0.00000000000000000000             0.00000000000000000000             4.00000000000000000000            28.25000000000000000000             0.00000000000000000000
             0.50000000000000000000             0.50000000000000000000             0.00000000000000000000             0.00000000000000000000             0.00000000000000000000             4.00000000000000000000            28.75000000000000000000             0.00000000000000000000
             0.50000000000000000000             0.50000000000000000000             0.00000000000000000000             0.00000000000000000000             0.00000000000000000000             4.00000000000000000000            29.25000000000000000000             0.00000000000000000000
             0.50000000000000000000             0.50000000000000000000             0.00000000000000000000             0.00000000000000000000             0.00000000000000000000             4.00000000000000000000            29.75000000000000000000             0.00000000000000000000
             0.50000000000000000000             0.50000000000000000000             0.00000000000000000000             0.00000000000000000000             0.00000000000000000000             4.00000000000000000000            30.25000000000000000000             0.00000000000000000000
             0.50000000000000000000             0.50000000000000000000             0.00000000000000000000             0.00000000000000000000             0.00000000000000000000             4.00000000000000000000            30.75000000000000000000             0.00000000000000000000
             0.50000000000000000000             0.50000000000000000000             0.00000000000000000000             0.00000000000000000000             0.00000000000000000000             4.00000000000000000000            31.25000000000000000000             0.00000000000000000000
             0.50000000000000000000             0.50000000000000000000             0.00000000000000000000             0.00000000000000000000             0.00000000000000000000             4.00000000000000000000            31.75000000000000000000             0.00000000000000000000
             0.50000000000000000000             0.50000000000000000000             0.00000000000000000000             0.00000000000000000000             0.00000000000000000000             4.00000000000000000000            32.25000000000000000000             0.00000000000000000000
             0.50000000000000000000             0.50000000000000000000             0.00000000000000000000             0.00000000000000000000             0.00000000000000000000             4.00000000000000000000            32.75000000000000000000             0.00000000000000000000
             0.50000000000000000000             0.50000000000000000000             0.00000000000000000000             0.00000000000000000000             0.00000000000000000000             4.00000000000000000000            33.25000000000000000000             0.00000000000000000000
             0.50000000000000000000             0.50000000000000000000             0.00000000000000000000             0.00000000000000000000             0.00000000000000000000             4.00000000000000000000            33.75000000000000000000             0.00000000000000000000
             0.50000000000000000000             0.50000000000000000000             0.00000000000000000000             0.00000000000000000000             0.00000000000000000000             4.00000000000000000000            34.25000000000000000000             0.00000000000000000000
             0.50000000000000000000             0.50000000000000000000             0.00000000000000000000             0.00000000000000000000             0.00000000000000000000             4.00000000000000000000            34.75000000000000000000             0.00000000000000000000
             0.50000000000000000000             0.50000000000000000000             0.00000000000000000000             0.00000000000000000000             0.00000000000000000000             4.00000000000000000000            35.25000000000000000000             0.00000000000000000000
             0.50000000000000000000             0.50000000000000000000             0.00000000000000000000             0.00000000000000000000             0.00000000000000000000             4.00000000000000000000            35.75000000000000000000             0.00000000000000000000
             0.50000000000000000000             0.50000000000000000000             0.00000000000000000000             0.00000000000000000000             0.00000000000000000000             4.00000000000000000000            36.25000000000000000000             0.00000000000000000000
             0.50000000000000000000             0.50000000000000000000             0.00000000000000000000             0.00000000000000000000             0.00000000000000000000             4.00000000000000000000            36.75000000000000000000             0.00000000000000000000
             0.50000000000000000000             0.50000000000000000000             0.00000000000000000000             0.00000000000000000000             0.00000000000000000000             4.00000000000000000000            37.25000000000000000000             0.00000000000000000000
             0.50000000000000000000             0.50000000000000000000             0.00000000000000000000             0.00000000000000000000             0.00000000000000000000             4.00000000000000000000            37.75000000000000000000             0.00000000000000000000
             0.50000000000000000000             0.50000000000000000000             0.00000000000000000000             0.00000000000000000000             0.00000000000000000000             4.00000000000000000000            38.25000000000000000000             0.00000000000000000000
             0.50000000000000000000             0.50000000000000000000             0.00000000000000000000             0.00000000000000000000             0.00000000000000000000             4.00000000000000000000            38.75000000000000000000             0.00000000000000000000
             0.50000000000000000000             0.50000000000000000000             0.00000000000000000000             0.00000000000000000000             0.00000000000000000000             4.00000000000000000000            39.25000000000000000000             0.00000000000000000000
             0.50000000000000000000             0.50000000000000000000             0.00000000000000000000             0.00000000000000000000             0.00000000000000000000             4.00000000000000000000            39.75000000000000000000             0.00000000000000000000
             0.50000000000000000000             0.50000000000000000000             0.00000000000000000000             0.00000000000000000000             0.00000000000000000000             4.00000000000000000000            40.25000000000000000000             0.00000000000000000000
             0.50000000000000000000             0.50000000000000000000             0.00000000000000000000             0.00000000000000000000             0.00000000000000000000             4.00000000000000000000            40.75000000000000000000             0.00000000000000000000
             0.50000000000000000000             0.50000000000000000000             0.00000000000000000000             0.00000000000000000000             0.00000000000000000000             4.00000000000000000000            41.25000000000000000000             0.00000000000000000000
             0.50000000000000000000             0.50000000000000000000             0.00000000000000000000             0.00000000000000000000             0.00000000000000000000             4.00000000000000000000            41.75000000000000000000             0.00000000000000000000
             0.50000000000000000000             0.50000000000000000000             0.00000000000000000000             0.00000000000000000000             0.00000000000000000000             4.00000000000000000000            42.25000000000000000000             0.00000000000000000000
             0.50000000000000000000             0.50000000000000000000             0.00000000000000000000             0.00000000000000000000             0.00000000000000000000             4.00000000000000000000            42.75000000000000000000             0.00000000000000000000
             0.50000000000000000000             0.50000000000000000000             0.00000000000000000000             0.00000000000000000000             0.00000000000000000000             4.00000000000000000000            43.25000000000000000000             0.00000000000000000000
             0.50000000000000000000             0.50000000000000000000             0.00000000000000000000             0.00000000000000000000             0.00000000000000000000             4.00000000000000000000            43.75000000000000000000             0.00000000000000000000
             0.50000000000000000000             0.50000000000000000000             0.00000000000000000000             0.00000000000000000000             0.00000000000000000000             4.00000000000000000000            44.25000000000000000000             0.00000000000000000000
             0.50000000000000000000             0.50000000000000000000             0.00000000000000000000             0.00000000000000000000             0.00000000000000000000             4.00000000000000000000            44.75000000000000000000             0.00000000000000000000
             0.50000000000000000000             0.50000000000000000000             0.00000000000000000000             0.00000000000000000000             0.00000000000000000000             4.00000000000000000000            45.25000000000000000000             0.00000000000000000000
             0.50000000000000000000             0.50000000000000000000             0.00000000000000000000             0.00000000000000000000             0.00000000000000000000             4.00000000000000000000            45.75000000000000000000             0.00000000000000000000
             0.50000000000000000000             0.50000000000000000000             0.00000000000000000000             0.00000000000000000000             0.00000000000000000000             4.00000000000000000000            46.25000000000000000000             0.00000000000000000000
             0.50000000000000000000             0.50000000000000000000             0.00000000000000000000             0.00000000000000000000             0.00000000000000000000             4.00000000000000000000            46.75000000000000000000             0.00000000000000000000
             0.50000000000000000000             0.50000000000000000000             0.00000000000000000000             0.00000000000000000000             0.00000000000000000000             4.00000000000000000000            47.25000000000000000000             0.00000000000000000000
             0.50000000000000000000             0.50000000000000000000             0.00000000000000000000             0.00000000000000000000             0.00000000000000000000             4.00000000000000000000            47.75000000000000000000             0.00000000000000000000
             0.50000000000000000000             0.50000000000000000000             0.00000000000000000000             0.00000000000000000000             0.00000000000000000000             4.00000000000000000000            48.25000000000000000000             0.00000000000000000000
             0.50000000000000000000             0.50000000000000000000             0.00000000000000000000             0.00000000000000000000             0.00000000000000000000             4.00000000000000000000            48.75000000000000000000             0.00000000000000000000
             0.50000000000000000000             0.50000000000000000000             0.00000000000000000000             0.00000000000000000000             0.00000000000000000000             4.00000000000000000000            49.25000000000000000000             0.00000000000000000000
             0.50000000000000000000             0.50000000000000000000             0.00000000000000000000             0.00000000000000000000             0.00000000000000000000             4.00000000000000000000            49.75000000000000000000             0.00000000000000000000
             0.00000000000000000000
