                     50
             0.50000000000000000000             0.50000000000000000000             0.00000000000000000000             0.00000000000000000000             0.00000000000000000000             4.00000000000000000000           175.25000000000000000000             0.00000000000000000000
             0.50000000000000000000             0.50000000000000000000             0.00000000000000000000             0.00000000000000000000             0.00000000000000000000             4.00000000000000000000           175.75000000000000000000             0.00000000000000000000
             0.50000000000000000000             0.50000000000000000000             0.00000000000000000000             0.00000000000000000000             0.00000000000000000000             4.00000000000000000000           176.25000000000000000000             0.00000000000000000000
             0.50000000000000000000             0.50000000000000000000             0.00000000000000000000             0.00000000000000000000             0.00000000000000000000             4.00000000000000000000           176.75000000000000000000             0.00000000000000000000
             0.50000000000000000000             0.50000000000000000000             0.00000000000000000000             0.00000000000000000000             0.00000000000000000000             4.00000000000000000000           177.25000000000000000000             0.00000000000000000000
             0.50000000000000000000             0.50000000000000000000             0.00000000000000000000             0.00000000000000000000             0.00000000000000000000             4.00000000000000000000           177.75000000000000000000             0.00000000000000000000
             0.50000000000000000000             0.50000000000000000000             0.00000000000000000000             0.00000000000000000000             0.00000000000000000000             4.00000000000000000000           178.25000000000000000000             0.00000000000000000000
             0.50000000000000000000             0.50000000000000000000             0.00000000000000000000             0.00000000000000000000             0.00000000000000000000             4.00000000000000000000           178.75000000000000000000             0.00000000000000000000
             0.50000000000000000000             0.50000000000000000000             0.00000000000000000000             0.00000000000000000000             0.00000000000000000000             4.00000000000000000000           179.25000000000000000000             0.00000000000000000000
             0.50000000000000000000             0.50000000000000000000             0.00000000000000000000             0.00000000000000000000             0.00000000000000000000             4.00000000000000000000           179.75000000000000000000             0.00000000000000000000
             0.50000000000000000000             0.50000000000000000000             0.00000000000000000000             0.00000000000000000000             0.00000000000000000000             4.00000000000000000000           180.25000000000000000000             0.00000000000000000000
             0.50000000000000000000             0.50000000000000000000             0.00000000000000000000             0.00000000000000000000             0.00000000000000000000             4.00000000000000000000           180.75000000000000000000             0.00000000000000000000
             0.50000000000000000000             0.50000000000000000000             0.00000000000000000000             0.00000000000000000000             0.00000000000000000000             4.00000000000000000000           181.25000000000000000000             0.00000000000000000000
             0.50000000000000000000             0.50000000000000000000             0.00000000000000000000             0.00000000000000000000             0.00000000000000000000             4.00000000000000000000           181.75000000000000000000             0.00000000000000000000
             0.50000000000000000000             0.50000000000000000000             0.00000000000000000000             0.00000000000000000000             0.00000000000000000000             4.00000000000000000000           182.25000000000000000000             0.00000000000000000000
             0.50000000000000000000             0.50000000000000000000             0.00000000000000000000             0.00000000000000000000             0.00000000000000000000             4.00000000000000000000           182.75000000000000000000             0.00000000000000000000
             0.50000000000000000000             0.50000000000000000000             0.00000000000000000000             0.00000000000000000000             0.00000000000000000000             4.00000000000000000000           183.25000000000000000000             0.00000000000000000000
             0.50000000000000000000             0.50000000000000000000             0.00000000000000000000             0.00000000000000000000             0.00000000000000000000             4.00000000000000000000           183.75000000000000000000             0.00000000000000000000
             0.50000000000000000000             0.50000000000000000000             0.00000000000000000000             0.00000000000000000000             0.00000000000000000000             4.00000000000000000000           184.25000000000000000000             0.00000000000000000000
             0.50000000000000000000             0.50000000000000000000             0.00000000000000000000             0.00000000000000000000             0.00000000000000000000             4.00000000000000000000           184.75000000000000000000             0.00000000000000000000
             0.50000000000000000000             0.50000000000000000000             0.00000000000000000000             0.00000000000000000000             0.00000000000000000000             4.00000000000000000000           185.25000000000000000000             0.00000000000000000000
             0.50000000000000000000             0.50000000000000000000             0.00000000000000000000             0.00000000000000000000             0.00000000000000000000             4.00000000000000000000           185.75000000000000000000             0.00000000000000000000
             0.50000000000000000000             0.50000000000000000000             0.00000000000000000000             0.00000000000000000000             0.00000000000000000000             4.00000000000000000000           186.25000000000000000000             0.00000000000000000000
             0.50000000000000000000             0.50000000000000000000             0.00000000000000000000             0.00000000000000000000             0.00000000000000000000             4.00000000000000000000           186.75000000000000000000             0.00000000000000000000
             0.50000000000000000000             0.50000000000000000000             0.00000000000000000000             0.00000000000000000000             0.00000000000000000000             4.00000000000000000000           187.25000000000000000000             0.00000000000000000000
             0.50000000000000000000             0.50000000000000000000             0.00000000000000000000             0.00000000000000000000             0.00000000000000000000             4.00000000000000000000           187.75000000000000000000             0.00000000000000000000
             0.50000000000000000000             0.50000000000000000000             0.00000000000000000000             0.00000000000000000000             0.00000000000000000000             4.00000000000000000000           188.25000000000000000000             0.00000000000000000000
             0.50000000000000000000             0.50000000000000000000             0.00000000000000000000             0.00000000000000000000             0.00000000000000000000             4.00000000000000000000           188.75000000000000000000             0.00000000000000000000
             0.50000000000000000000             0.50000000000000000000             0.00000000000000000000             0.00000000000000000000             0.00000000000000000000             4.00000000000000000000           189.25000000000000000000             0.00000000000000000000
             0.50000000000000000000             0.50000000000000000000             0.00000000000000000000             0.00000000000000000000             0.00000000000000000000             4.00000000000000000000           189.75000000000000000000             0.00000000000000000000
             0.50000000000000000000             0.50000000000000000000             0.00000000000000000000             0.00000000000000000000             0.00000000000000000000             4.00000000000000000000           190.25000000000000000000             0.00000000000000000000
             0.50000000000000000000             0.50000000000000000000             0.00000000000000000000             0.00000000000000000000             0.00000000000000000000             4.00000000000000000000           190.75000000000000000000             0.00000000000000000000
             0.50000000000000000000             0.50000000000000000000             0.00000000000000000000             0.00000000000000000000             0.00000000000000000000             4.00000000000000000000           191.25000000000000000000             0.00000000000000000000
             0.50000000000000000000             0.50000000000000000000             0.00000000000000000000             0.00000000000000000000             0.00000000000000000000             4.00000000000000000000           191.75000000000000000000             0.00000000000000000000
             0.50000000000000000000             0.50000000000000000000             0.00000000000000000000             0.00000000000000000000             0.00000000000000000000             4.00000000000000000000           192.25000000000000000000             0.00000000000000000000
             0.50000000000000000000             0.50000000000000000000             0.00000000000000000000             0.00000000000000000000             0.00000000000000000000             4.00000000000000000000           192.75000000000000000000             0.00000000000000000000
             0.50000000000000000000             0.50000000000000000000             0.00000000000000000000             0.00000000000000000000             0.00000000000000000000             4.00000000000000000000           193.25000000000000000000             0.00000000000000000000
             0.50000000000000000000             0.50000000000000000000             0.00000000000000000000             0.00000000000000000000             0.00000000000000000000             4.00000000000000000000           193.75000000000000000000             0.00000000000000000000
             0.50000000000000000000             0.50000000000000000000             0.00000000000000000000             0.00000000000000000000             0.00000000000000000000             4.00000000000000000000           194.25000000000000000000             0.00000000000000000000
             0.50000000000000000000             0.50000000000000000000             0.00000000000000000000             0.00000000000000000000             0.00000000000000000000             4.00000000000000000000           194.75000000000000000000             0.00000000000000000000
             0.50000000000000000000             0.50000000000000000000             0.00000000000000000000             0.00000000000000000000             0.00000000000000000000             4.00000000000000000000           195.25000000000000000000             0.00000000000000000000
             0.50000000000000000000             0.50000000000000000000             0.00000000000000000000             0.00000000000000000000             0.00000000000000000000             4.00000000000000000000           195.75000000000000000000             0.00000000000000000000
             0.50000000000000000000             0.50000000000000000000             0.00000000000000000000             0.00000000000000000000             0.00000000000000000000             4.00000000000000000000           196.25000000000000000000             0.00000000000000000000
             0.50000000000000000000             0.50000000000000000000             0.00000000000000000000             0.00000000000000000000             0.00000000000000000000             4.00000000000000000000           196.75000000000000000000             0.00000000000000000000
             0.50000000000000000000             0.50000000000000000000             0.00000000000000000000             0.00000000000000000000             0.00000000000000000000             4.00000000000000000000           197.25000000000000000000             0.00000000000000000000
             0.50000000000000000000             0.50000000000000000000             0.00000000000000000000             0.00000000000000000000             0.00000000000000000000             4.00000000000000000000           197.75000000000000000000             0.00000000000000000000
             0.50000000000000000000             0.50000000000000000000             0.00000000000000000000             0.00000000000000000000             0.00000000000000000000             4.00000000000000000000           198.25000000000000000000             0.00000000000000000000
             0.50000000000000000000             0.50000000000000000000             0.00000000000000000000             0.00000000000000000000             0.00000000000000000000             4.00000000000000000000           198.75000000000000000000             0.00000000000000000000
             0.50000000000000000000             0.50000000000000000000             0.00000000000000000000             0.00000000000000000000             0.00000000000000000000             4.00000000000000000000           199.25000000000000000000             0.00000000000000000000
             0.50000000000000000000             0.00000000000000000000             0.00000000000000000000             0.00000000000000000000             0.00000000000000000000             4.00000000000000000000           199.75000000000000000000             0.00000000000000000000
             0.00000000000000000000
