                     50
             0.50000000000000000000             0.50000000000000000000             0.00000000000000000000             0.00000000000000000000             0.00000000000000000000             4.00000000000000000000           125.25000000000000000000             0.00000000000000000000
             0.50000000000000000000             0.50000000000000000000             0.00000000000000000000             0.00000000000000000000             0.00000000000000000000             4.00000000000000000000           125.75000000000000000000             0.00000000000000000000
             0.50000000000000000000             0.50000000000000000000             0.00000000000000000000             0.00000000000000000000             0.00000000000000000000             4.00000000000000000000           126.25000000000000000000             0.00000000000000000000
             0.50000000000000000000             0.50000000000000000000             0.00000000000000000000             0.00000000000000000000             0.00000000000000000000             4.00000000000000000000           126.75000000000000000000             0.00000000000000000000
             0.50000000000000000000             0.50000000000000000000             0.00000000000000000000             0.00000000000000000000             0.00000000000000000000             4.00000000000000000000           127.25000000000000000000             0.00000000000000000000
             0.50000000000000000000             0.50000000000000000000             0.00000000000000000000             0.00000000000000000000             0.00000000000000000000             4.00000000000000000000           127.75000000000000000000             0.00000000000000000000
             0.50000000000000000000             0.50000000000000000000             0.00000000000000000000             0.00000000000000000000             0.00000000000000000000             4.00000000000000000000           128.25000000000000000000             0.00000000000000000000
             0.50000000000000000000             0.50000000000000000000             0.00000000000000000000             0.00000000000000000000             0.00000000000000000000             4.00000000000000000000           128.75000000000000000000             0.00000000000000000000
             0.50000000000000000000             0.50000000000000000000             0.00000000000000000000             0.00000000000000000000             0.00000000000000000000             4.00000000000000000000           129.25000000000000000000             0.00000000000000000000
             0.50000000000000000000             0.50000000000000000000             0.00000000000000000000             0.00000000000000000000             0.00000000000000000000             4.00000000000000000000           129.75000000000000000000             0.00000000000000000000
             0.50000000000000000000             0.50000000000000000000             0.00000000000000000000             0.00000000000000000000             0.00000000000000000000             4.00000000000000000000           130.25000000000000000000             0.00000000000000000000
             0.50000000000000000000             0.50000000000000000000             0.00000000000000000000             0.00000000000000000000             0.00000000000000000000             4.00000000000000000000           130.75000000000000000000             0.00000000000000000000
             0.50000000000000000000             0.50000000000000000000             0.00000000000000000000             0.00000000000000000000             0.00000000000000000000             4.00000000000000000000           131.25000000000000000000             0.00000000000000000000
             0.50000000000000000000             0.50000000000000000000             0.00000000000000000000             0.00000000000000000000             0.00000000000000000000             4.00000000000000000000           131.75000000000000000000             0.00000000000000000000
             0.50000000000000000000             0.50000000000000000000             0.00000000000000000000             0.00000000000000000000             0.00000000000000000000             4.00000000000000000000           132.25000000000000000000             0.00000000000000000000
             0.50000000000000000000             0.50000000000000000000             0.00000000000000000000             0.00000000000000000000             0.00000000000000000000             4.00000000000000000000           132.75000000000000000000             0.00000000000000000000
             0.50000000000000000000             0.50000000000000000000             0.00000000000000000000             0.00000000000000000000             0.00000000000000000000             4.00000000000000000000           133.25000000000000000000             0.00000000000000000000
             0.50000000000000000000             0.50000000000000000000             0.00000000000000000000             0.00000000000000000000             0.00000000000000000000             4.00000000000000000000           133.75000000000000000000             0.00000000000000000000
             0.50000000000000000000             0.50000000000000000000             0.00000000000000000000             0.00000000000000000000             0.00000000000000000000             4.00000000000000000000           134.25000000000000000000             0.00000000000000000000
             0.50000000000000000000             0.50000000000000000000             0.00000000000000000000             0.00000000000000000000             0.00000000000000000000             4.00000000000000000000           134.75000000000000000000             0.00000000000000000000
             0.50000000000000000000             0.50000000000000000000             0.00000000000000000000             0.00000000000000000000             0.00000000000000000000             4.00000000000000000000           135.25000000000000000000             0.00000000000000000000
             0.50000000000000000000             0.50000000000000000000             0.00000000000000000000             0.00000000000000000000             0.00000000000000000000             4.00000000000000000000           135.75000000000000000000             0.00000000000000000000
             0.50000000000000000000             0.50000000000000000000             0.00000000000000000000             0.00000000000000000000             0.00000000000000000000             4.00000000000000000000           136.25000000000000000000             0.00000000000000000000
             0.50000000000000000000             0.50000000000000000000             0.00000000000000000000             0.00000000000000000000             0.00000000000000000000             4.00000000000000000000           136.75000000000000000000             0.00000000000000000000
             0.50000000000000000000             0.50000000000000000000             0.00000000000000000000             0.00000000000000000000             0.00000000000000000000             4.00000000000000000000           137.25000000000000000000             0.00000000000000000000
             0.50000000000000000000             0.50000000000000000000             0.00000000000000000000             0.00000000000000000000             0.00000000000000000000             4.00000000000000000000           137.75000000000000000000             0.00000000000000000000
             0.50000000000000000000             0.50000000000000000000             0.00000000000000000000             0.00000000000000000000             0.00000000000000000000             4.00000000000000000000           138.25000000000000000000             0.00000000000000000000
             0.50000000000000000000             0.50000000000000000000             0.00000000000000000000             0.00000000000000000000             0.00000000000000000000             4.00000000000000000000           138.75000000000000000000             0.00000000000000000000
             0.50000000000000000000             0.50000000000000000000             0.00000000000000000000             0.00000000000000000000             0.00000000000000000000             4.00000000000000000000           139.25000000000000000000             0.00000000000000000000
             0.50000000000000000000             0.50000000000000000000             0.00000000000000000000             0.00000000000000000000             0.00000000000000000000             4.00000000000000000000           139.75000000000000000000             0.00000000000000000000
             0.50000000000000000000             0.50000000000000000000             0.00000000000000000000             0.00000000000000000000             0.00000000000000000000             4.00000000000000000000           140.25000000000000000000             0.00000000000000000000
             0.50000000000000000000             0.50000000000000000000             0.00000000000000000000             0.00000000000000000000             0.00000000000000000000             4.00000000000000000000           140.75000000000000000000             0.00000000000000000000
             0.50000000000000000000             0.50000000000000000000             0.00000000000000000000             0.00000000000000000000             0.00000000000000000000             4.00000000000000000000           141.25000000000000000000             0.00000000000000000000
             0.50000000000000000000             0.50000000000000000000             0.00000000000000000000             0.00000000000000000000             0.00000000000000000000             4.00000000000000000000           141.75000000000000000000             0.00000000000000000000
             0.50000000000000000000             0.50000000000000000000             0.00000000000000000000             0.00000000000000000000             0.00000000000000000000             4.00000000000000000000           142.25000000000000000000             0.00000000000000000000
             0.50000000000000000000             0.50000000000000000000             0.00000000000000000000             0.00000000000000000000             0.00000000000000000000             4.00000000000000000000           142.75000000000000000000             0.00000000000000000000
             0.50000000000000000000             0.50000000000000000000             0.00000000000000000000             0.00000000000000000000             0.00000000000000000000             4.00000000000000000000           143.25000000000000000000             0.00000000000000000000
             0.50000000000000000000             0.50000000000000000000             0.00000000000000000000             0.00000000000000000000             0.00000000000000000000             4.00000000000000000000           143.75000000000000000000             0.00000000000000000000
             0.50000000000000000000             0.50000000000000000000             0.00000000000000000000             0.00000000000000000000             0.00000000000000000000             4.00000000000000000000           144.25000000000000000000             0.00000000000000000000
             0.50000000000000000000             0.50000000000000000000             0.00000000000000000000             0.00000000000000000000             0.00000000000000000000             4.00000000000000000000           144.75000000000000000000             0.00000000000000000000
             0.50000000000000000000             0.50000000000000000000             0.00000000000000000000             0.00000000000000000000             0.00000000000000000000             4.00000000000000000000           145.25000000000000000000             0.00000000000000000000
             0.50000000000000000000             0.50000000000000000000             0.00000000000000000000             0.00000000000000000000             0.00000000000000000000             4.00000000000000000000           145.75000000000000000000             0.00000000000000000000
             0.50000000000000000000             0.50000000000000000000             0.00000000000000000000             0.00000000000000000000             0.00000000000000000000             4.00000000000000000000           146.25000000000000000000             0.00000000000000000000
             0.50000000000000000000             0.50000000000000000000             0.00000000000000000000             0.00000000000000000000             0.00000000000000000000             4.00000000000000000000           146.75000000000000000000             0.00000000000000000000
             0.50000000000000000000             0.50000000000000000000             0.00000000000000000000             0.00000000000000000000             0.00000000000000000000             4.00000000000000000000           147.25000000000000000000             0.00000000000000000000
             0.50000000000000000000             0.50000000000000000000             0.00000000000000000000             0.00000000000000000000             0.00000000000000000000             4.00000000000000000000           147.75000000000000000000             0.00000000000000000000
             0.50000000000000000000             0.50000000000000000000             0.00000000000000000000             0.00000000000000000000             0.00000000000000000000             4.00000000000000000000           148.25000000000000000000             0.00000000000000000000
             0.50000000000000000000             0.50000000000000000000             0.00000000000000000000             0.00000000000000000000             0.00000000000000000000             4.00000000000000000000           148.75000000000000000000             0.00000000000000000000
             0.50000000000000000000             0.50000000000000000000             0.00000000000000000000             0.00000000000000000000             0.00000000000000000000             4.00000000000000000000           149.25000000000000000000             0.00000000000000000000
             0.50000000000000000000             0.50000000000000000000             0.00000000000000000000             0.00000000000000000000             0.00000000000000000000             4.00000000000000000000           149.75000000000000000000             0.00000000000000000000
             0.00000000000000000000
