                    100
             0.50000000000000000000             0.50000000000000000000             0.00000000000000000000             0.00000000000000000000             0.00000000000000000000             4.00000000000000000000           100.25000000000000000000             0.00000000000000000000
             0.50000000000000000000             0.50000000000000000000             0.00000000000000000000             0.00000000000000000000             0.00000000000000000000             4.00000000000000000000           100.75000000000000000000             0.00000000000000000000
             0.50000000000000000000             0.50000000000000000000             0.00000000000000000000             0.00000000000000000000             0.00000000000000000000             4.00000000000000000000           101.25000000000000000000             0.00000000000000000000
             0.50000000000000000000             0.50000000000000000000             0.00000000000000000000             0.00000000000000000000             0.00000000000000000000             4.00000000000000000000           101.75000000000000000000             0.00000000000000000000
             0.50000000000000000000             0.50000000000000000000             0.00000000000000000000             0.00000000000000000000             0.00000000000000000000             4.00000000000000000000           102.25000000000000000000             0.00000000000000000000
             0.50000000000000000000             0.50000000000000000000             0.00000000000000000000             0.00000000000000000000             0.00000000000000000000             4.00000000000000000000           102.75000000000000000000             0.00000000000000000000
             0.50000000000000000000             0.50000000000000000000             0.00000000000000000000             0.00000000000000000000             0.00000000000000000000             4.00000000000000000000           103.25000000000000000000             0.00000000000000000000
             0.50000000000000000000             0.50000000000000000000             0.00000000000000000000             0.00000000000000000000             0.00000000000000000000             4.00000000000000000000           103.75000000000000000000             0.00000000000000000000
             0.50000000000000000000             0.50000000000000000000             0.00000000000000000000             0.00000000000000000000             0.00000000000000000000             4.00000000000000000000           104.25000000000000000000             0.00000000000000000000
             0.50000000000000000000             0.50000000000000000000             0.00000000000000000000             0.00000000000000000000             0.00000000000000000000             4.00000000000000000000           104.75000000000000000000             0.00000000000000000000
             0.50000000000000000000             0.50000000000000000000             0.00000000000000000000             0.00000000000000000000             0.00000000000000000000             4.00000000000000000000           105.25000000000000000000             0.00000000000000000000
             0.50000000000000000000             0.50000000000000000000             0.00000000000000000000             0.00000000000000000000             0.00000000000000000000             4.00000000000000000000           105.75000000000000000000             0.00000000000000000000
             0.50000000000000000000             0.50000000000000000000             0.00000000000000000000             0.00000000000000000000             0.00000000000000000000             4.00000000000000000000           106.25000000000000000000             0.00000000000000000000
             0.50000000000000000000             0.50000000000000000000             0.00000000000000000000             0.00000000000000000000             0.00000000000000000000             4.00000000000000000000           106.75000000000000000000             0.00000000000000000000
             0.50000000000000000000             0.50000000000000000000             0.00000000000000000000             0.00000000000000000000             0.00000000000000000000             4.00000000000000000000           107.25000000000000000000             0.00000000000000000000
             0.50000000000000000000             0.50000000000000000000             0.00000000000000000000             0.00000000000000000000             0.00000000000000000000             4.00000000000000000000           107.75000000000000000000             0.00000000000000000000
             0.50000000000000000000             0.50000000000000000000             0.00000000000000000000             0.00000000000000000000             0.00000000000000000000             4.00000000000000000000           108.25000000000000000000             0.00000000000000000000
             0.50000000000000000000             0.50000000000000000000             0.00000000000000000000             0.00000000000000000000             0.00000000000000000000             4.00000000000000000000           108.75000000000000000000             0.00000000000000000000
             0.50000000000000000000             0.50000000000000000000             0.00000000000000000000             0.00000000000000000000             0.00000000000000000000             4.00000000000000000000           109.25000000000000000000             0.00000000000000000000
             0.50000000000000000000             0.50000000000000000000             0.00000000000000000000             0.00000000000000000000             0.00000000000000000000             4.00000000000000000000           109.75000000000000000000             0.00000000000000000000
             0.50000000000000000000             0.50000000000000000000             0.00000000000000000000             0.00000000000000000000             0.00000000000000000000             4.00000000000000000000           110.25000000000000000000             0.00000000000000000000
             0.50000000000000000000             0.50000000000000000000             0.00000000000000000000             0.00000000000000000000             0.00000000000000000000             4.00000000000000000000           110.75000000000000000000             0.00000000000000000000
             0.50000000000000000000             0.50000000000000000000             0.00000000000000000000             0.00000000000000000000             0.00000000000000000000             4.00000000000000000000           111.25000000000000000000             0.00000000000000000000
             0.50000000000000000000             0.50000000000000000000             0.00000000000000000000             0.00000000000000000000             0.00000000000000000000             4.00000000000000000000           111.75000000000000000000             0.00000000000000000000
             0.50000000000000000000             0.50000000000000000000             0.00000000000000000000             0.00000000000000000000             0.00000000000000000000             4.00000000000000000000           112.25000000000000000000             0.00000000000000000000
             0.50000000000000000000             0.50000000000000000000             0.00000000000000000000             0.00000000000000000000             0.00000000000000000000             4.00000000000000000000           112.75000000000000000000             0.00000000000000000000
             0.50000000000000000000             0.50000000000000000000             0.00000000000000000000             0.00000000000000000000             0.00000000000000000000             4.00000000000000000000           113.25000000000000000000             0.00000000000000000000
             0.50000000000000000000             0.50000000000000000000             0.00000000000000000000             0.00000000000000000000             0.00000000000000000000             4.00000000000000000000           113.75000000000000000000             0.00000000000000000000
             0.50000000000000000000             0.50000000000000000000             0.00000000000000000000             0.00000000000000000000             0.00000000000000000000             4.00000000000000000000           114.25000000000000000000             0.00000000000000000000
             0.50000000000000000000             0.50000000000000000000             0.00000000000000000000             0.00000000000000000000             0.00000000000000000000             4.00000000000000000000           114.75000000000000000000             0.00000000000000000000
             0.50000000000000000000             0.50000000000000000000             0.00000000000000000000             0.00000000000000000000             0.00000000000000000000             4.00000000000000000000           115.25000000000000000000             0.00000000000000000000
             0.50000000000000000000             0.50000000000000000000             0.00000000000000000000             0.00000000000000000000             0.00000000000000000000             4.00000000000000000000           115.75000000000000000000             0.00000000000000000000
             0.50000000000000000000             0.50000000000000000000             0.00000000000000000000             0.00000000000000000000             0.00000000000000000000             4.00000000000000000000           116.25000000000000000000             0.00000000000000000000
             0.50000000000000000000             0.50000000000000000000             0.00000000000000000000             0.00000000000000000000             0.00000000000000000000             4.00000000000000000000           116.75000000000000000000             0.00000000000000000000
             0.50000000000000000000             0.50000000000000000000             0.00000000000000000000             0.00000000000000000000             0.00000000000000000000             4.00000000000000000000           117.25000000000000000000             0.00000000000000000000
             0.50000000000000000000             0.50000000000000000000             0.00000000000000000000             0.00000000000000000000             0.00000000000000000000             4.00000000000000000000           117.75000000000000000000             0.00000000000000000000
             0.50000000000000000000             0.50000000000000000000             0.00000000000000000000             0.00000000000000000000             0.00000000000000000000             4.00000000000000000000           118.25000000000000000000             0.00000000000000000000
             0.50000000000000000000             0.50000000000000000000             0.00000000000000000000             0.00000000000000000000             0.00000000000000000000             4.00000000000000000000           118.75000000000000000000             0.00000000000000000000
             0.50000000000000000000             0.50000000000000000000             0.00000000000000000000             0.00000000000000000000             0.00000000000000000000             4.00000000000000000000           119.25000000000000000000             0.00000000000000000000
             0.50000000000000000000             0.50000000000000000000             0.00000000000000000000             0.00000000000000000000             0.00000000000000000000             4.00000000000000000000           119.75000000000000000000             0.00000000000000000000
             0.50000000000000000000             0.50000000000000000000             0.00000000000000000000             0.00000000000000000000             0.00000000000000000000             4.00000000000000000000           120.25000000000000000000             0.00000000000000000000
             0.50000000000000000000             0.50000000000000000000             0.00000000000000000000             0.00000000000000000000             0.00000000000000000000             4.00000000000000000000           120.75000000000000000000             0.00000000000000000000
             0.50000000000000000000             0.50000000000000000000             0.00000000000000000000             0.00000000000000000000             0.00000000000000000000             4.00000000000000000000           121.25000000000000000000             0.00000000000000000000
             0.50000000000000000000             0.50000000000000000000             0.00000000000000000000             0.00000000000000000000             0.00000000000000000000             4.00000000000000000000           121.75000000000000000000             0.00000000000000000000
             0.50000000000000000000             0.50000000000000000000             0.00000000000000000000             0.00000000000000000000             0.00000000000000000000             4.00000000000000000000           122.25000000000000000000             0.00000000000000000000
             0.50000000000000000000             0.50000000000000000000             0.00000000000000000000             0.00000000000000000000             0.00000000000000000000             4.00000000000000000000           122.75000000000000000000             0.00000000000000000000
             0.50000000000000000000             0.50000000000000000000             0.00000000000000000000             0.00000000000000000000             0.00000000000000000000             4.00000000000000000000           123.25000000000000000000             0.00000000000000000000
             0.50000000000000000000             0.50000000000000000000             0.00000000000000000000             0.00000000000000000000             0.00000000000000000000             4.00000000000000000000           123.75000000000000000000             0.00000000000000000000
             0.50000000000000000000             0.50000000000000000000             0.00000000000000000000             0.00000000000000000000             0.00000000000000000000             4.00000000000000000000           124.25000000000000000000             0.00000000000000000000
             0.50000000000000000000             0.50000000000000000000             0.00000000000000000000             0.00000000000000000000             0.00000000000000000000             4.00000000000000000000           124.75000000000000000000             0.00000000000000000000
             0.50000000000000000000             0.50000000000000000000             0.00000000000000000000             0.00000000000000000000             0.00000000000000000000             4.00000000000000000000           125.25000000000000000000             0.00000000000000000000
             0.50000000000000000000             0.50000000000000000000             0.00000000000000000000             0.00000000000000000000             0.00000000000000000000             4.00000000000000000000           125.75000000000000000000             0.00000000000000000000
             0.50000000000000000000             0.50000000000000000000             0.00000000000000000000             0.00000000000000000000             0.00000000000000000000             4.00000000000000000000           126.25000000000000000000             0.00000000000000000000
             0.50000000000000000000             0.50000000000000000000             0.00000000000000000000             0.00000000000000000000             0.00000000000000000000             4.00000000000000000000           126.75000000000000000000             0.00000000000000000000
             0.50000000000000000000             0.50000000000000000000             0.00000000000000000000             0.00000000000000000000             0.00000000000000000000             4.00000000000000000000           127.25000000000000000000             0.00000000000000000000
             0.50000000000000000000             0.50000000000000000000             0.00000000000000000000             0.00000000000000000000             0.00000000000000000000             4.00000000000000000000           127.75000000000000000000             0.00000000000000000000
             0.50000000000000000000             0.50000000000000000000             0.00000000000000000000             0.00000000000000000000             0.00000000000000000000             4.00000000000000000000           128.25000000000000000000             0.00000000000000000000
             0.50000000000000000000             0.50000000000000000000             0.00000000000000000000             0.00000000000000000000             0.00000000000000000000             4.00000000000000000000           128.75000000000000000000             0.00000000000000000000
             0.50000000000000000000             0.50000000000000000000             0.00000000000000000000             0.00000000000000000000             0.00000000000000000000             4.00000000000000000000           129.25000000000000000000             0.00000000000000000000
             0.50000000000000000000             0.50000000000000000000             0.00000000000000000000             0.00000000000000000000             0.00000000000000000000             4.00000000000000000000           129.75000000000000000000             0.00000000000000000000
             0.50000000000000000000             0.50000000000000000000             0.00000000000000000000             0.00000000000000000000             0.00000000000000000000             4.00000000000000000000           130.25000000000000000000             0.00000000000000000000
             0.50000000000000000000             0.50000000000000000000             0.00000000000000000000             0.00000000000000000000             0.00000000000000000000             4.00000000000000000000           130.75000000000000000000             0.00000000000000000000
             0.50000000000000000000             0.50000000000000000000             0.00000000000000000000             0.00000000000000000000             0.00000000000000000000             4.00000000000000000000           131.25000000000000000000             0.00000000000000000000
             0.50000000000000000000             0.50000000000000000000             0.00000000000000000000             0.00000000000000000000             0.00000000000000000000             4.00000000000000000000           131.75000000000000000000             0.00000000000000000000
             0.50000000000000000000             0.50000000000000000000             0.00000000000000000000             0.00000000000000000000             0.00000000000000000000             4.00000000000000000000           132.25000000000000000000             0.00000000000000000000
             0.50000000000000000000             0.50000000000000000000             0.00000000000000000000             0.00000000000000000000             0.00000000000000000000             4.00000000000000000000           132.75000000000000000000             0.00000000000000000000
             0.50000000000000000000             0.50000000000000000000             0.00000000000000000000             0.00000000000000000000             0.00000000000000000000             4.00000000000000000000           133.25000000000000000000             0.00000000000000000000
             0.50000000000000000000             0.50000000000000000000             0.00000000000000000000             0.00000000000000000000             0.00000000000000000000             4.00000000000000000000           133.75000000000000000000             0.00000000000000000000
             0.50000000000000000000             0.50000000000000000000             0.00000000000000000000             0.00000000000000000000             0.00000000000000000000             4.00000000000000000000           134.25000000000000000000             0.00000000000000000000
             0.50000000000000000000             0.50000000000000000000             0.00000000000000000000             0.00000000000000000000             0.00000000000000000000             4.00000000000000000000           134.75000000000000000000             0.00000000000000000000
             0.50000000000000000000             0.50000000000000000000             0.00000000000000000000             0.00000000000000000000             0.00000000000000000000             4.00000000000000000000           135.25000000000000000000             0.00000000000000000000
             0.50000000000000000000             0.50000000000000000000             0.00000000000000000000             0.00000000000000000000             0.00000000000000000000             4.00000000000000000000           135.75000000000000000000             0.00000000000000000000
             0.50000000000000000000             0.50000000000000000000             0.00000000000000000000             0.00000000000000000000             0.00000000000000000000             4.00000000000000000000           136.25000000000000000000             0.00000000000000000000
             0.50000000000000000000             0.50000000000000000000             0.00000000000000000000             0.00000000000000000000             0.00000000000000000000             4.00000000000000000000           136.75000000000000000000             0.00000000000000000000
             0.50000000000000000000             0.50000000000000000000             0.00000000000000000000             0.00000000000000000000             0.00000000000000000000             4.00000000000000000000           137.25000000000000000000             0.00000000000000000000
             0.50000000000000000000             0.50000000000000000000             0.00000000000000000000             0.00000000000000000000             0.00000000000000000000             4.00000000000000000000           137.75000000000000000000             0.00000000000000000000
             0.50000000000000000000             0.50000000000000000000             0.00000000000000000000             0.00000000000000000000             0.00000000000000000000             4.00000000000000000000           138.25000000000000000000             0.00000000000000000000
             0.50000000000000000000             0.50000000000000000000             0.00000000000000000000             0.00000000000000000000             0.00000000000000000000             4.00000000000000000000           138.75000000000000000000             0.00000000000000000000
             0.50000000000000000000             0.50000000000000000000             0.00000000000000000000             0.00000000000000000000             0.00000000000000000000             4.00000000000000000000           139.25000000000000000000             0.00000000000000000000
             0.50000000000000000000             0.50000000000000000000             0.00000000000000000000             0.00000000000000000000             0.00000000000000000000             4.00000000000000000000           139.75000000000000000000             0.00000000000000000000
             0.50000000000000000000             0.50000000000000000000             0.00000000000000000000             0.00000000000000000000             0.00000000000000000000             4.00000000000000000000           140.25000000000000000000             0.00000000000000000000
             0.50000000000000000000             0.50000000000000000000             0.00000000000000000000             0.00000000000000000000             0.00000000000000000000             4.00000000000000000000           140.75000000000000000000             0.00000000000000000000
             0.50000000000000000000             0.50000000000000000000             0.00000000000000000000             0.00000000000000000000             0.00000000000000000000             4.00000000000000000000           141.25000000000000000000             0.00000000000000000000
             0.50000000000000000000             0.50000000000000000000             0.00000000000000000000             0.00000000000000000000             0.00000000000000000000             4.00000000000000000000           141.75000000000000000000             0.00000000000000000000
             0.50000000000000000000             0.50000000000000000000             0.00000000000000000000             0.00000000000000000000             0.00000000000000000000             4.00000000000000000000           142.25000000000000000000             0.00000000000000000000
             0.50000000000000000000             0.50000000000000000000             0.00000000000000000000             0.00000000000000000000             0.00000000000000000000             4.00000000000000000000           142.75000000000000000000             0.00000000000000000000
             0.50000000000000000000             0.50000000000000000000             0.00000000000000000000             0.00000000000000000000             0.00000000000000000000             4.00000000000000000000           143.25000000000000000000             0.00000000000000000000
             0.50000000000000000000             0.50000000000000000000             0.00000000000000000000             0.00000000000000000000             0.00000000000000000000             4.00000000000000000000           143.75000000000000000000             0.00000000000000000000
             0.50000000000000000000             0.50000000000000000000             0.00000000000000000000             0.00000000000000000000             0.00000000000000000000             4.00000000000000000000           144.25000000000000000000             0.00000000000000000000
             0.50000000000000000000             0.50000000000000000000             0.00000000000000000000             0.00000000000000000000             0.00000000000000000000             4.00000000000000000000           144.75000000000000000000             0.00000000000000000000
             0.50000000000000000000             0.50000000000000000000             0.00000000000000000000             0.00000000000000000000             0.00000000000000000000             4.00000000000000000000           145.25000000000000000000             0.00000000000000000000
             0.50000000000000000000             0.50000000000000000000             0.00000000000000000000             0.00000000000000000000             0.00000000000000000000             4.00000000000000000000           145.75000000000000000000             0.00000000000000000000
             0.50000000000000000000             0.50000000000000000000             0.00000000000000000000             0.00000000000000000000             0.00000000000000000000             4.00000000000000000000           146.25000000000000000000             0.00000000000000000000
             0.50000000000000000000             0.50000000000000000000             0.00000000000000000000             0.00000000000000000000             0.00000000000000000000             4.00000000000000000000           146.75000000000000000000             0.00000000000000000000
             0.50000000000000000000             0.50000000000000000000             0.00000000000000000000             0.00000000000000000000             0.00000000000000000000             4.00000000000000000000           147.25000000000000000000             0.00000000000000000000
             0.50000000000000000000             0.50000000000000000000             0.00000000000000000000             0.00000000000000000000             0.00000000000000000000             4.00000000000000000000           147.75000000000000000000             0.00000000000000000000
             0.50000000000000000000             0.50000000000000000000             0.00000000000000000000             0.00000000000000000000             0.00000000000000000000             4.00000000000000000000           148.25000000000000000000             0.00000000000000000000
             0.50000000000000000000             0.50000000000000000000             0.00000000000000000000             0.00000000000000000000             0.00000000000000000000             4.00000000000000000000           148.75000000000000000000             0.00000000000000000000
             0.50000000000000000000             0.50000000000000000000             0.00000000000000000000             0.00000000000000000000             0.00000000000000000000             4.00000000000000000000           149.25000000000000000000             0.00000000000000000000
             0.50000000000000000000             0.50000000000000000000             0.00000000000000000000             0.00000000000000000000             0.00000000000000000000             4.00000000000000000000           149.75000000000000000000             0.00000000000000000000
             0.00000000000000000000
