                    125
             1.00000000000000000000             1.00000000000000000000             0.00100000000000000002             0.12449995841598138213             0.01499999999999999944             2.00000000000000000000           875.50000000000000000000             0.00100000000000000002
             1.00000000000000000000             1.00000000000000000000             0.00100000000000000002             0.12349995836848393083             0.01499999999999999944             2.00000000000000000000           876.50000000000000000000             0.00100000000000000002
             1.00000000000000000000             1.00000000000000000000             0.00100000000000000002             0.12249995832098647952             0.01499999999999999944             2.00000000000000000000           877.50000000000000000000             0.00100000000000000002
             1.00000000000000000000             1.00000000000000000000             0.00100000000000000002             0.12149995827348902822             0.01499999999999999944             2.00000000000000000000           878.50000000000000000000             0.00100000000000000002
             1.00000000000000000000             1.00000000000000000000             0.00100000000000000002             0.12049995822599157691             0.01499999999999999944             2.00000000000000000000           879.50000000000000000000             0.00100000000000000002
             1.00000000000000000000             1.00000000000000000000             0.00100000000000000002             0.11949995817849412560             0.01499999999999999944             2.00000000000000000000           880.50000000000000000000             0.00100000000000000002
             1.00000000000000000000             1.00000000000000000000             0.00100000000000000002             0.11849995813099667430             0.01499999999999999944             2.00000000000000000000           881.50000000000000000000             0.00100000000000000002
             1.00000000000000000000             1.00000000000000000000             0.00100000000000000002             0.11749995808349922299             0.01499999999999999944             2.00000000000000000000           882.50000000000000000000             0.00100000000000000002
             1.00000000000000000000             1.00000000000000000000             0.00100000000000000002             0.11649995803600177169             0.01499999999999999944             2.00000000000000000000           883.50000000000000000000             0.00100000000000000002
             1.00000000000000000000             1.00000000000000000000             0.00100000000000000002             0.11549995798850432038             0.01499999999999999944             2.00000000000000000000           884.50000000000000000000             0.00100000000000000002
             1.00000000000000000000             1.00000000000000000000             0.00100000000000000002             0.11449995794100686908             0.01499999999999999944             2.00000000000000000000           885.50000000000000000000             0.00100000000000000002
             1.00000000000000000000             1.00000000000000000000             0.00100000000000000002             0.11349995789350941777             0.01499999999999999944             2.00000000000000000000           886.50000000000000000000             0.00100000000000000002
             1.00000000000000000000             1.00000000000000000000             0.00100000000000000002             0.11249995784601196647             0.01499999999999999944             2.00000000000000000000           887.50000000000000000000             0.00100000000000000002
             1.00000000000000000000             1.00000000000000000000             0.00100000000000000002             0.11149995779851451516             0.01499999999999999944             2.00000000000000000000           888.50000000000000000000             0.00100000000000000002
             1.00000000000000000000             1.00000000000000000000             0.00100000000000000002             0.11049995775101706386             0.01499999999999999944             2.00000000000000000000           889.50000000000000000000             0.00100000000000000002
             1.00000000000000000000             1.00000000000000000000             0.00100000000000000002             0.10949995770351961255             0.01499999999999999944             2.00000000000000000000           890.50000000000000000000             0.00100000000000000002
             1.00000000000000000000             1.00000000000000000000             0.00100000000000000002             0.10849995765602216125             0.01499999999999999944             2.00000000000000000000           891.50000000000000000000             0.00100000000000000002
             1.00000000000000000000             1.00000000000000000000             0.00100000000000000002             0.10749995760852470994             0.01499999999999999944             2.00000000000000000000           892.50000000000000000000             0.00100000000000000002
             1.00000000000000000000             1.00000000000000000000             0.00100000000000000002             0.10649995756102725863             0.01499999999999999944             2.00000000000000000000           893.50000000000000000000             0.00100000000000000002
             1.00000000000000000000             1.00000000000000000000             0.00100000000000000002             0.10549995751352980733             0.01499999999999999944             2.00000000000000000000           894.50000000000000000000             0.00100000000000000002
             1.00000000000000000000             1.00000000000000000000             0.00100000000000000002             0.10449995746603235602             0.01499999999999999944             2.00000000000000000000           895.50000000000000000000             0.00100000000000000002
             1.00000000000000000000             1.00000000000000000000             0.00100000000000000002             0.10349995741853490472             0.01499999999999999944             2.00000000000000000000           896.50000000000000000000             0.00100000000000000002
             1.00000000000000000000             1.00000000000000000000             0.00100000000000000002             0.10249995737103745341             0.01499999999999999944             2.00000000000000000000           897.50000000000000000000             0.00100000000000000002
             1.00000000000000000000             1.00000000000000000000             0.00100000000000000002             0.10149995732354000211             0.01499999999999999944             2.00000000000000000000           898.50000000000000000000             0.00100000000000000002
             1.00000000000000000000             1.00000000000000000000             0.00100000000000000002             0.10049995727604255080             0.01499999999999999944             2.00000000000000000000           899.50000000000000000000             0.00100000000000000002
             1.00000000000000000000             1.00000000000000000000             0.00100000000000000002             0.09949995722854509950             0.01499999999999999944             2.00000000000000000000           900.50000000000000000000             0.00100000000000000002
             1.00000000000000000000             1.00000000000000000000             0.00100000000000000002             0.09849995718104764819             0.01499999999999999944             2.00000000000000000000           901.50000000000000000000             0.00100000000000000002
             1.00000000000000000000             1.00000000000000000000             0.00100000000000000002             0.09749995713355019689             0.01499999999999999944             2.00000000000000000000           902.50000000000000000000             0.00100000000000000002
             1.00000000000000000000             1.00000000000000000000             0.00100000000000000002             0.09649995708605274558             0.01499999999999999944             2.00000000000000000000           903.50000000000000000000             0.00100000000000000002
             1.00000000000000000000             1.00000000000000000000             0.00100000000000000002             0.09549995703855529428             0.01499999999999999944             2.00000000000000000000           904.50000000000000000000             0.00100000000000000002
             1.00000000000000000000             1.00000000000000000000             0.00100000000000000002             0.09449995699105784297             0.01499999999999999944             2.00000000000000000000           905.50000000000000000000             0.00100000000000000002
             1.00000000000000000000             1.00000000000000000000             0.00100000000000000002             0.09349995694356039166             0.01499999999999999944             2.00000000000000000000           906.50000000000000000000             0.00100000000000000002
             1.00000000000000000000             1.00000000000000000000             0.00100000000000000002             0.09249995689606294036             0.01499999999999999944             2.00000000000000000000           907.50000000000000000000             0.00100000000000000002
             1.00000000000000000000             1.00000000000000000000             0.00100000000000000002             0.09149995684856548905             0.01499999999999999944             2.00000000000000000000           908.50000000000000000000             0.00100000000000000002
             1.00000000000000000000             1.00000000000000000000             0.00100000000000000002             0.09049995680106803775             0.01499999999999999944             2.00000000000000000000           909.50000000000000000000             0.00100000000000000002
             1.00000000000000000000             1.00000000000000000000             0.00100000000000000002             0.08949995675357058644             0.01499999999999999944             2.00000000000000000000           910.50000000000000000000             0.00100000000000000002
             1.00000000000000000000             1.00000000000000000000             0.00100000000000000002             0.08849995670607313514             0.01499999999999999944             2.00000000000000000000           911.50000000000000000000             0.00100000000000000002
             1.00000000000000000000             1.00000000000000000000             0.00100000000000000002             0.08749995665857568383             0.01499999999999999944             2.00000000000000000000           912.50000000000000000000             0.00100000000000000002
             1.00000000000000000000             1.00000000000000000000             0.00100000000000000002             0.08649995661107823253             0.01499999999999999944             2.00000000000000000000           913.50000000000000000000             0.00100000000000000002
             1.00000000000000000000             1.00000000000000000000             0.00100000000000000002             0.08549995656358078122             0.01499999999999999944             2.00000000000000000000           914.50000000000000000000             0.00100000000000000002
             1.00000000000000000000             1.00000000000000000000             0.00100000000000000002             0.08449995651608332992             0.01499999999999999944             2.00000000000000000000           915.50000000000000000000             0.00100000000000000002
             1.00000000000000000000             1.00000000000000000000             0.00100000000000000002             0.08349995646858587861             0.01499999999999999944             2.00000000000000000000           916.50000000000000000000             0.00100000000000000002
             1.00000000000000000000             1.00000000000000000000             0.00100000000000000002             0.08249995642108842731             0.01499999999999999944             2.00000000000000000000           917.50000000000000000000             0.00100000000000000002
             1.00000000000000000000             1.00000000000000000000             0.00100000000000000002             0.08149995637359097600             0.01499999999999999944             2.00000000000000000000           918.50000000000000000000             0.00100000000000000002
             1.00000000000000000000             1.00000000000000000000             0.00100000000000000002             0.08049995632609352469             0.01499999999999999944             2.00000000000000000000           919.50000000000000000000             0.00100000000000000002
             1.00000000000000000000             1.00000000000000000000             0.00100000000000000002             0.07949995627859607339             0.01499999999999999944             2.00000000000000000000           920.50000000000000000000             0.00100000000000000002
             1.00000000000000000000             1.00000000000000000000             0.00100000000000000002             0.07849995623109862208             0.01499999999999999944             2.00000000000000000000           921.50000000000000000000             0.00100000000000000002
             1.00000000000000000000             1.00000000000000000000             0.00100000000000000002             0.07749995618360117078             0.01499999999999999944             2.00000000000000000000           922.50000000000000000000             0.00100000000000000002
             1.00000000000000000000             1.00000000000000000000             0.00100000000000000002             0.07649995613610371947             0.01499999999999999944             2.00000000000000000000           923.50000000000000000000             0.00100000000000000002
             1.00000000000000000000             1.00000000000000000000             0.00100000000000000002             0.07549995608860626817             0.01499999999999999944             2.00000000000000000000           924.50000000000000000000             0.00100000000000000002
             1.00000000000000000000             1.00000000000000000000             0.00100000000000000002             0.07449995604110881686             0.01499999999999999944             2.00000000000000000000           925.50000000000000000000             0.00100000000000000002
             1.00000000000000000000             1.00000000000000000000             0.00100000000000000002             0.07349995599361136556             0.01499999999999999944             2.00000000000000000000           926.50000000000000000000             0.00100000000000000002
             1.00000000000000000000             1.00000000000000000000             0.00100000000000000002             0.07249995594611391425             0.01499999999999999944             2.00000000000000000000           927.50000000000000000000             0.00100000000000000002
             1.00000000000000000000             1.00000000000000000000             0.00100000000000000002             0.07149995589861646295             0.01499999999999999944             2.00000000000000000000           928.50000000000000000000             0.00100000000000000002
             1.00000000000000000000             1.00000000000000000000             0.00100000000000000002             0.07049995585111901164             0.01499999999999999944             2.00000000000000000000           929.50000000000000000000             0.00100000000000000002
             1.00000000000000000000             1.00000000000000000000             0.00100000000000000002             0.06949995580362156034             0.01499999999999999944             2.00000000000000000000           930.50000000000000000000             0.00100000000000000002
             1.00000000000000000000             1.00000000000000000000             0.00100000000000000002             0.06849995575612410903             0.01499999999999999944             2.00000000000000000000           931.50000000000000000000             0.00100000000000000002
             1.00000000000000000000             1.00000000000000000000             0.00100000000000000002             0.06749995570862665772             0.01499999999999999944             2.00000000000000000000           932.50000000000000000000             0.00100000000000000002
             1.00000000000000000000             1.00000000000000000000             0.00100000000000000002             0.06649995566112920642             0.01499999999999999944             2.00000000000000000000           933.50000000000000000000             0.00100000000000000002
             1.00000000000000000000             1.00000000000000000000             0.00100000000000000002             0.06549995561363175511             0.01499999999999999944             2.00000000000000000000           934.50000000000000000000             0.00100000000000000002
             1.00000000000000000000             1.00000000000000000000             0.00100000000000000002             0.06449995556613430381             0.01499999999999999944             2.00000000000000000000           935.50000000000000000000             0.00100000000000000002
             1.00000000000000000000             1.00000000000000000000             0.00100000000000000002             0.06349995551863685250             0.01499999999999999944             2.00000000000000000000           936.50000000000000000000             0.00100000000000000002
             1.00000000000000000000             1.00000000000000000000             0.00100000000000000002             0.06249995547113940120             0.01499999999999999944             2.00000000000000000000           937.50000000000000000000             0.00100000000000000002
             1.00000000000000000000             1.00000000000000000000             0.00100000000000000002             0.06149995542364194989             0.01499999999999999944             2.00000000000000000000           938.50000000000000000000             0.00100000000000000002
             1.00000000000000000000             1.00000000000000000000             0.00100000000000000002             0.06049995537614449859             0.01499999999999999944             2.00000000000000000000           939.50000000000000000000             0.00100000000000000002
             1.00000000000000000000             1.00000000000000000000             0.00100000000000000002             0.05949995532864704728             0.01499999999999999944             2.00000000000000000000           940.50000000000000000000             0.00100000000000000002
             1.00000000000000000000             1.00000000000000000000             0.00100000000000000002             0.05849995528114959598             0.01499999999999999944             2.00000000000000000000           941.50000000000000000000             0.00100000000000000002
             1.00000000000000000000             1.00000000000000000000             0.00100000000000000002             0.05749995523365214467             0.01499999999999999944             2.00000000000000000000           942.50000000000000000000             0.00100000000000000002
             1.00000000000000000000             1.00000000000000000000             0.00100000000000000002             0.05649995518615469337             0.01499999999999999944             2.00000000000000000000           943.50000000000000000000             0.00100000000000000002
             1.00000000000000000000             1.00000000000000000000             0.00100000000000000002             0.05549995513865724206             0.01499999999999999944             2.00000000000000000000           944.50000000000000000000             0.00100000000000000002
             1.00000000000000000000             1.00000000000000000000             0.00100000000000000002             0.05449995509115979075             0.01499999999999999944             2.00000000000000000000           945.50000000000000000000             0.00100000000000000002
             1.00000000000000000000             1.00000000000000000000             0.00100000000000000002             0.05349995504366233945             0.01499999999999999944             2.00000000000000000000           946.50000000000000000000             0.00100000000000000002
             1.00000000000000000000             1.00000000000000000000             0.00100000000000000002             0.05249995499616488814             0.01499999999999999944             2.00000000000000000000           947.50000000000000000000             0.00100000000000000002
             1.00000000000000000000             1.00000000000000000000             0.00100000000000000002             0.05149995494866743684             0.01499999999999999944             2.00000000000000000000           948.50000000000000000000             0.00100000000000000002
             1.00000000000000000000             1.00000000000000000000             0.00100000000000000002             0.05049995490116998553             0.01499999999999999944             2.00000000000000000000           949.50000000000000000000             0.00100000000000000002
             1.00000000000000000000             1.00000000000000000000             0.00100000000000000002             0.04949995485367253423             0.01499999999999999944             2.00000000000000000000           950.50000000000000000000             0.00100000000000000002
             1.00000000000000000000             1.00000000000000000000             0.00100000000000000002             0.04849995480617508292             0.01499999999999999944             2.00000000000000000000           951.50000000000000000000             0.00100000000000000002
             1.00000000000000000000             1.00000000000000000000             0.00100000000000000002             0.04749995475867763162             0.01499999999999999944             2.00000000000000000000           952.50000000000000000000             0.00100000000000000002
             1.00000000000000000000             1.00000000000000000000             0.00100000000000000002             0.04649995471118018031             0.01499999999999999944             2.00000000000000000000           953.50000000000000000000             0.00100000000000000002
             1.00000000000000000000             1.00000000000000000000             0.00100000000000000002             0.04549995466368272901             0.01499999999999999944             2.00000000000000000000           954.50000000000000000000             0.00100000000000000002
             1.00000000000000000000             1.00000000000000000000             0.00100000000000000002             0.04449995461618527770             0.01499999999999999944             2.00000000000000000000           955.50000000000000000000             0.00100000000000000002
             1.00000000000000000000             1.00000000000000000000             0.00100000000000000002             0.04349995456868782640             0.01499999999999999944             2.00000000000000000000           956.50000000000000000000             0.00100000000000000002
             1.00000000000000000000             1.00000000000000000000             0.00100000000000000002             0.04249995452119037509             0.01499999999999999944             2.00000000000000000000           957.50000000000000000000             0.00100000000000000002
             1.00000000000000000000             1.00000000000000000000             0.00100000000000000002             0.04149995447369292378             0.01499999999999999944             2.00000000000000000000           958.50000000000000000000             0.00100000000000000002
             1.00000000000000000000             1.00000000000000000000             0.00100000000000000002             0.04049995442619547248             0.01499999999999999944             2.00000000000000000000           959.50000000000000000000             0.00100000000000000002
             1.00000000000000000000             1.00000000000000000000             0.00100000000000000002             0.03949995437869802117             0.01499999999999999944             2.00000000000000000000           960.50000000000000000000             0.00100000000000000002
             1.00000000000000000000             1.00000000000000000000             0.00100000000000000002             0.03849995433120056987             0.01499999999999999944             2.00000000000000000000           961.50000000000000000000             0.00100000000000000002
             1.00000000000000000000             1.00000000000000000000             0.00100000000000000002             0.03749995428370311856             0.01499999999999999944             2.00000000000000000000           962.50000000000000000000             0.00100000000000000002
             1.00000000000000000000             1.00000000000000000000             0.00100000000000000002             0.03649995423620566726             0.01499999999999999944             2.00000000000000000000           963.50000000000000000000             0.00100000000000000002
             1.00000000000000000000             1.00000000000000000000             0.00100000000000000002             0.03549995418870821595             0.01499999999999999944             2.00000000000000000000           964.50000000000000000000             0.00100000000000000002
             1.00000000000000000000             1.00000000000000000000             0.00100000000000000002             0.03449995414121076465             0.01499999999999999944             2.00000000000000000000           965.50000000000000000000             0.00100000000000000002
             1.00000000000000000000             1.00000000000000000000             0.00100000000000000002             0.03349995409371331334             0.01499999999999999944             2.00000000000000000000           966.50000000000000000000             0.00100000000000000002
             1.00000000000000000000             1.00000000000000000000             0.00100000000000000002             0.03249995404621586204             0.01499999999999999944             2.00000000000000000000           967.50000000000000000000             0.00100000000000000002
             1.00000000000000000000             1.00000000000000000000             0.00100000000000000002             0.03149995399871841073             0.01499999999999999944             2.00000000000000000000           968.50000000000000000000             0.00100000000000000002
             1.00000000000000000000             1.00000000000000000000             0.00100000000000000002             0.03049995395122095942             0.01499999999999999944             2.00000000000000000000           969.50000000000000000000             0.00100000000000000002
             1.00000000000000000000             1.00000000000000000000             0.00100000000000000002             0.02949995390372350812             0.01499999999999999944             2.00000000000000000000           970.50000000000000000000             0.00100000000000000002
             1.00000000000000000000             1.00000000000000000000             0.00100000000000000002             0.02849995385622605681             0.01499999999999999944             2.00000000000000000000           971.50000000000000000000             0.00100000000000000002
             1.00000000000000000000             1.00000000000000000000             0.00100000000000000002             0.02749995380872860551             0.01499999999999999944             2.00000000000000000000           972.50000000000000000000             0.00100000000000000002
             1.00000000000000000000             1.00000000000000000000             0.00100000000000000002             0.02649995376123115420             0.01499999999999999944             2.00000000000000000000           973.50000000000000000000             0.00100000000000000002
             1.00000000000000000000             1.00000000000000000000             0.00100000000000000002             0.02549995371373370290             0.01499999999999999944             2.00000000000000000000           974.50000000000000000000             0.00100000000000000002
             1.00000000000000000000             1.00000000000000000000             0.00100000000000000002             0.02449995366623625159             0.01499999999999999944             2.00000000000000000000           975.50000000000000000000             0.00100000000000000002
             1.00000000000000000000             1.00000000000000000000             0.00100000000000000002             0.02349995361873880029             0.01499999999999999944             2.00000000000000000000           976.50000000000000000000             0.00100000000000000002
             1.00000000000000000000             1.00000000000000000000             0.00100000000000000002             0.02249995357124134898             0.01499999999999999944             2.00000000000000000000           977.50000000000000000000             0.00100000000000000002
             1.00000000000000000000             1.00000000000000000000             0.00100000000000000002             0.02149995352374389768             0.01499999999999999944             2.00000000000000000000           978.50000000000000000000             0.00100000000000000002
             1.00000000000000000000             1.00000000000000000000             0.00100000000000000002             0.02049995347624644637             0.01499999999999999944             2.00000000000000000000           979.50000000000000000000             0.00100000000000000002
             1.00000000000000000000             1.00000000000000000000             0.00100000000000000002             0.01949995342874899507             0.01499999999999999944             2.00000000000000000000           980.50000000000000000000             0.00100000000000000002
             1.00000000000000000000             1.00000000000000000000             0.00100000000000000002             0.01849995338125154376             0.01499999999999999944             2.00000000000000000000           981.50000000000000000000             0.00100000000000000002
             1.00000000000000000000             1.00000000000000000000             0.00100000000000000002             0.01749995333375409245             0.01499999999999999944             2.00000000000000000000           982.50000000000000000000             0.00100000000000000002
             1.00000000000000000000             1.00000000000000000000             0.00100000000000000002             0.01649995328625664115             0.01499999999999999944             2.00000000000000000000           983.50000000000000000000             0.00100000000000000002
             1.00000000000000000000             1.00000000000000000000             0.00100000000000000002             0.01549995323875918984             0.01499999999999999944             2.00000000000000000000           984.50000000000000000000             0.00100000000000000002
             1.00000000000000000000             1.00000000000000000000             0.00100000000000000002             0.01449995319126173854             0.01499999999999999944             2.00000000000000000000           985.50000000000000000000             0.00100000000000000002
             1.00000000000000000000             1.00000000000000000000             0.00100000000000000002             0.01349995314376428723             0.01499999999999999944             2.00000000000000000000           986.50000000000000000000             0.00100000000000000002
             1.00000000000000000000             1.00000000000000000000             0.00100000000000000002             0.01249995309626683593             0.01499999999999999944             2.00000000000000000000           987.50000000000000000000             0.00100000000000000002
             1.00000000000000000000             1.00000000000000000000             0.00100000000000000002             0.01149995304876938462             0.01499999999999999944             2.00000000000000000000           988.50000000000000000000             0.00100000000000000002
             1.00000000000000000000             1.00000000000000000000             0.00100000000000000002             0.01049995300127193332             0.01499999999999999944             2.00000000000000000000           989.50000000000000000000             0.00100000000000000002
             1.00000000000000000000             1.00000000000000000000             0.00100000000000000002             0.00949995295377448201             0.01499999999999999944             2.00000000000000000000           990.50000000000000000000             0.00100000000000000002
             1.00000000000000000000             1.00000000000000000000             0.00100000000000000002             0.00849995290627703071             0.01499999999999999944             2.00000000000000000000           991.50000000000000000000             0.00100000000000000002
             1.00000000000000000000             1.00000000000000000000             0.00100000000000000002             0.00749995285877957940             0.01499999999999999944             2.00000000000000000000           992.50000000000000000000             0.00100000000000000002
             1.00000000000000000000             1.00000000000000000000             0.00100000000000000002             0.00649995281128212810             0.01499999999999999944             2.00000000000000000000           993.50000000000000000000             0.00100000000000000002
             1.00000000000000000000             1.00000000000000000000             0.00100000000000000002             0.00549995276378467679             0.01499999999999999944             2.00000000000000000000           994.50000000000000000000             0.00100000000000000002
             1.00000000000000000000             1.00000000000000000000             0.00100000000000000002             0.00449995271628722548             0.01499999999999999944             2.00000000000000000000           995.50000000000000000000             0.00100000000000000002
             1.00000000000000000000             1.00000000000000000000             0.00100000000000000002             0.00349995266878977418             0.01499999999999999944             2.00000000000000000000           996.50000000000000000000             0.00100000000000000002
             1.00000000000000000000             1.00000000000000000000             0.00100000000000000002             0.00249995262129232287             0.01499999999999999944             2.00000000000000000000           997.50000000000000000000             0.00100000000000000002
             1.00000000000000000000             1.00000000000000000000             0.00100000000000000002             0.00149995257379487157             0.01499999999999999944             2.00000000000000000000           998.50000000000000000000             0.00100000000000000002
             1.00000000000000000000             0.00000000000000000000             0.00100000000000000002             0.00049995255004614591             0.01499999999999999944             2.00000000000000000000           999.50000000000000000000             0.00100000000000000002
             0.00000000000000000000
