                    125
             1.00000000000000000000             1.00000000000000000000             0.00100000000000000002             0.74949998810188844800             0.01499999999999999944             2.00000000000000000000           250.50000000000000000000             0.00100000000000000002
             1.00000000000000000000             1.00000000000000000000             0.00100000000000000002             0.74849998805439099669             0.01499999999999999944             2.00000000000000000000           251.50000000000000000000             0.00100000000000000002
             1.00000000000000000000             1.00000000000000000000             0.00100000000000000002             0.74749998800689354539             0.01499999999999999944             2.00000000000000000000           252.50000000000000000000             0.00100000000000000002
             1.00000000000000000000             1.00000000000000000000             0.00100000000000000002             0.74649998795939609408             0.01499999999999999944             2.00000000000000000000           253.50000000000000000000             0.00100000000000000002
             1.00000000000000000000             1.00000000000000000000             0.00100000000000000002             0.74549998791189864278             0.01499999999999999944             2.00000000000000000000           254.50000000000000000000             0.00100000000000000002
             1.00000000000000000000             1.00000000000000000000             0.00100000000000000002             0.74449998786440119147             0.01499999999999999944             2.00000000000000000000           255.50000000000000000000             0.00100000000000000002
             1.00000000000000000000             1.00000000000000000000             0.00100000000000000002             0.74349998781690374017             0.01499999999999999944             2.00000000000000000000           256.50000000000000000000             0.00100000000000000002
             1.00000000000000000000             1.00000000000000000000             0.00100000000000000002             0.74249998776940628886             0.01499999999999999944             2.00000000000000000000           257.50000000000000000000             0.00100000000000000002
             1.00000000000000000000             1.00000000000000000000             0.00100000000000000002             0.74149998772190883756             0.01499999999999999944             2.00000000000000000000           258.50000000000000000000             0.00100000000000000002
             1.00000000000000000000             1.00000000000000000000             0.00100000000000000002             0.74049998767441138625             0.01499999999999999944             2.00000000000000000000           259.50000000000000000000             0.00100000000000000002
             1.00000000000000000000             1.00000000000000000000             0.00100000000000000002             0.73949998762691393495             0.01499999999999999944             2.00000000000000000000           260.50000000000000000000             0.00100000000000000002
             1.00000000000000000000             1.00000000000000000000             0.00100000000000000002             0.73849998757941648364             0.01499999999999999944             2.00000000000000000000           261.50000000000000000000             0.00100000000000000002
             1.00000000000000000000             1.00000000000000000000             0.00100000000000000002             0.73749998753191903234             0.01499999999999999944             2.00000000000000000000           262.50000000000000000000             0.00100000000000000002
             1.00000000000000000000             1.00000000000000000000             0.00100000000000000002             0.73649998748442158103             0.01499999999999999944             2.00000000000000000000           263.50000000000000000000             0.00100000000000000002
             1.00000000000000000000             1.00000000000000000000             0.00100000000000000002             0.73549998743692412972             0.01499999999999999944             2.00000000000000000000           264.50000000000000000000             0.00100000000000000002
             1.00000000000000000000             1.00000000000000000000             0.00100000000000000002             0.73449998738942667842             0.01499999999999999944             2.00000000000000000000           265.50000000000000000000             0.00100000000000000002
             1.00000000000000000000             1.00000000000000000000             0.00100000000000000002             0.73349998734192922711             0.01499999999999999944             2.00000000000000000000           266.50000000000000000000             0.00100000000000000002
             1.00000000000000000000             1.00000000000000000000             0.00100000000000000002             0.73249998729443177581             0.01499999999999999944             2.00000000000000000000           267.50000000000000000000             0.00100000000000000002
             1.00000000000000000000             1.00000000000000000000             0.00100000000000000002             0.73149998724693432450             0.01499999999999999944             2.00000000000000000000           268.50000000000000000000             0.00100000000000000002
             1.00000000000000000000             1.00000000000000000000             0.00100000000000000002             0.73049998719943687320             0.01499999999999999944             2.00000000000000000000           269.50000000000000000000             0.00100000000000000002
             1.00000000000000000000             1.00000000000000000000             0.00100000000000000002             0.72949998715193942189             0.01499999999999999944             2.00000000000000000000           270.50000000000000000000             0.00100000000000000002
             1.00000000000000000000             1.00000000000000000000             0.00100000000000000002             0.72849998710444197059             0.01499999999999999944             2.00000000000000000000           271.50000000000000000000             0.00100000000000000002
             1.00000000000000000000             1.00000000000000000000             0.00100000000000000002             0.72749998705694451928             0.01499999999999999944             2.00000000000000000000           272.50000000000000000000             0.00100000000000000002
             1.00000000000000000000             1.00000000000000000000             0.00100000000000000002             0.72649998700944706798             0.01499999999999999944             2.00000000000000000000           273.50000000000000000000             0.00100000000000000002
             1.00000000000000000000             1.00000000000000000000             0.00100000000000000002             0.72549998696194961667             0.01499999999999999944             2.00000000000000000000           274.50000000000000000000             0.00100000000000000002
             1.00000000000000000000             1.00000000000000000000             0.00100000000000000002             0.72449998691445216537             0.01499999999999999944             2.00000000000000000000           275.50000000000000000000             0.00100000000000000002
             1.00000000000000000000             1.00000000000000000000             0.00100000000000000002             0.72349998686695471406             0.01499999999999999944             2.00000000000000000000           276.50000000000000000000             0.00100000000000000002
             1.00000000000000000000             1.00000000000000000000             0.00100000000000000002             0.72249998681945726275             0.01499999999999999944             2.00000000000000000000           277.50000000000000000000             0.00100000000000000002
             1.00000000000000000000             1.00000000000000000000             0.00100000000000000002             0.72149998677195981145             0.01499999999999999944             2.00000000000000000000           278.50000000000000000000             0.00100000000000000002
             1.00000000000000000000             1.00000000000000000000             0.00100000000000000002             0.72049998672446236014             0.01499999999999999944             2.00000000000000000000           279.50000000000000000000             0.00100000000000000002
             1.00000000000000000000             1.00000000000000000000             0.00100000000000000002             0.71949998667696490884             0.01499999999999999944             2.00000000000000000000           280.50000000000000000000             0.00100000000000000002
             1.00000000000000000000             1.00000000000000000000             0.00100000000000000002             0.71849998662946745753             0.01499999999999999944             2.00000000000000000000           281.50000000000000000000             0.00100000000000000002
             1.00000000000000000000             1.00000000000000000000             0.00100000000000000002             0.71749998658197000623             0.01499999999999999944             2.00000000000000000000           282.50000000000000000000             0.00100000000000000002
             1.00000000000000000000             1.00000000000000000000             0.00100000000000000002             0.71649998653447255492             0.01499999999999999944             2.00000000000000000000           283.50000000000000000000             0.00100000000000000002
             1.00000000000000000000             1.00000000000000000000             0.00100000000000000002             0.71549998648697510362             0.01499999999999999944             2.00000000000000000000           284.50000000000000000000             0.00100000000000000002
             1.00000000000000000000             1.00000000000000000000             0.00100000000000000002             0.71449998643947765231             0.01499999999999999944             2.00000000000000000000           285.50000000000000000000             0.00100000000000000002
             1.00000000000000000000             1.00000000000000000000             0.00100000000000000002             0.71349998639198020101             0.01499999999999999944             2.00000000000000000000           286.50000000000000000000             0.00100000000000000002
             1.00000000000000000000             1.00000000000000000000             0.00100000000000000002             0.71249998634448274970             0.01499999999999999944             2.00000000000000000000           287.50000000000000000000             0.00100000000000000002
             1.00000000000000000000             1.00000000000000000000             0.00100000000000000002             0.71149998629698529840             0.01499999999999999944             2.00000000000000000000           288.50000000000000000000             0.00100000000000000002
             1.00000000000000000000             1.00000000000000000000             0.00100000000000000002             0.71049998624948784709             0.01499999999999999944             2.00000000000000000000           289.50000000000000000000             0.00100000000000000002
             1.00000000000000000000             1.00000000000000000000             0.00100000000000000002             0.70949998620199039578             0.01499999999999999944             2.00000000000000000000           290.50000000000000000000             0.00100000000000000002
             1.00000000000000000000             1.00000000000000000000             0.00100000000000000002             0.70849998615449294448             0.01499999999999999944             2.00000000000000000000           291.50000000000000000000             0.00100000000000000002
             1.00000000000000000000             1.00000000000000000000             0.00100000000000000002             0.70749998610699549317             0.01499999999999999944             2.00000000000000000000           292.50000000000000000000             0.00100000000000000002
             1.00000000000000000000             1.00000000000000000000             0.00100000000000000002             0.70649998605949804187             0.01499999999999999944             2.00000000000000000000           293.50000000000000000000             0.00100000000000000002
             1.00000000000000000000             1.00000000000000000000             0.00100000000000000002             0.70549998601200059056             0.01499999999999999944             2.00000000000000000000           294.50000000000000000000             0.00100000000000000002
             1.00000000000000000000             1.00000000000000000000             0.00100000000000000002             0.70449998596450313926             0.01499999999999999944             2.00000000000000000000           295.50000000000000000000             0.00100000000000000002
             1.00000000000000000000             1.00000000000000000000             0.00100000000000000002             0.70349998591700568795             0.01499999999999999944             2.00000000000000000000           296.50000000000000000000             0.00100000000000000002
             1.00000000000000000000             1.00000000000000000000             0.00100000000000000002             0.70249998586950823665             0.01499999999999999944             2.00000000000000000000           297.50000000000000000000             0.00100000000000000002
             1.00000000000000000000             1.00000000000000000000             0.00100000000000000002             0.70149998582201078534             0.01499999999999999944             2.00000000000000000000           298.50000000000000000000             0.00100000000000000002
             1.00000000000000000000             1.00000000000000000000             0.00100000000000000002             0.70049998577451333404             0.01499999999999999944             2.00000000000000000000           299.50000000000000000000             0.00100000000000000002
             1.00000000000000000000             1.00000000000000000000             0.00100000000000000002             0.69949998572701588273             0.01499999999999999944             2.00000000000000000000           300.50000000000000000000             0.00100000000000000002
             1.00000000000000000000             1.00000000000000000000             0.00100000000000000002             0.69849998567951843143             0.01499999999999999944             2.00000000000000000000           301.50000000000000000000             0.00100000000000000002
             1.00000000000000000000             1.00000000000000000000             0.00100000000000000002             0.69749998563202098012             0.01499999999999999944             2.00000000000000000000           302.50000000000000000000             0.00100000000000000002
             1.00000000000000000000             1.00000000000000000000             0.00100000000000000002             0.69649998558452352881             0.01499999999999999944             2.00000000000000000000           303.50000000000000000000             0.00100000000000000002
             1.00000000000000000000             1.00000000000000000000             0.00100000000000000002             0.69549998553702607751             0.01499999999999999944             2.00000000000000000000           304.50000000000000000000             0.00100000000000000002
             1.00000000000000000000             1.00000000000000000000             0.00100000000000000002             0.69449998548952862620             0.01499999999999999944             2.00000000000000000000           305.50000000000000000000             0.00100000000000000002
             1.00000000000000000000             1.00000000000000000000             0.00100000000000000002             0.69349998544203117490             0.01499999999999999944             2.00000000000000000000           306.50000000000000000000             0.00100000000000000002
             1.00000000000000000000             1.00000000000000000000             0.00100000000000000002             0.69249998539453372359             0.01499999999999999944             2.00000000000000000000           307.50000000000000000000             0.00100000000000000002
             1.00000000000000000000             1.00000000000000000000             0.00100000000000000002             0.69149998534703627229             0.01499999999999999944             2.00000000000000000000           308.50000000000000000000             0.00100000000000000002
             1.00000000000000000000             1.00000000000000000000             0.00100000000000000002             0.69049998529953882098             0.01499999999999999944             2.00000000000000000000           309.50000000000000000000             0.00100000000000000002
             1.00000000000000000000             1.00000000000000000000             0.00100000000000000002             0.68949998525204136968             0.01499999999999999944             2.00000000000000000000           310.50000000000000000000             0.00100000000000000002
             1.00000000000000000000             1.00000000000000000000             0.00100000000000000002             0.68849998520454391837             0.01499999999999999944             2.00000000000000000000           311.50000000000000000000             0.00100000000000000002
             1.00000000000000000000             1.00000000000000000000             0.00100000000000000002             0.68749998515704646707             0.01499999999999999944             2.00000000000000000000           312.50000000000000000000             0.00100000000000000002
             1.00000000000000000000             1.00000000000000000000             0.00100000000000000002             0.68649998510954901576             0.01499999999999999944             2.00000000000000000000           313.50000000000000000000             0.00100000000000000002
             1.00000000000000000000             1.00000000000000000000             0.00100000000000000002             0.68549998506205156446             0.01499999999999999944             2.00000000000000000000           314.50000000000000000000             0.00100000000000000002
             1.00000000000000000000             1.00000000000000000000             0.00100000000000000002             0.68449998501455411315             0.01499999999999999944             2.00000000000000000000           315.50000000000000000000             0.00100000000000000002
             1.00000000000000000000             1.00000000000000000000             0.00100000000000000002             0.68349998496705666184             0.01499999999999999944             2.00000000000000000000           316.50000000000000000000             0.00100000000000000002
             1.00000000000000000000             1.00000000000000000000             0.00100000000000000002             0.68249998491955921054             0.01499999999999999944             2.00000000000000000000           317.50000000000000000000             0.00100000000000000002
             1.00000000000000000000             1.00000000000000000000             0.00100000000000000002             0.68149998487206175923             0.01499999999999999944             2.00000000000000000000           318.50000000000000000000             0.00100000000000000002
             1.00000000000000000000             1.00000000000000000000             0.00100000000000000002             0.68049998482456430793             0.01499999999999999944             2.00000000000000000000           319.50000000000000000000             0.00100000000000000002
             1.00000000000000000000             1.00000000000000000000             0.00100000000000000002             0.67949998477706685662             0.01499999999999999944             2.00000000000000000000           320.50000000000000000000             0.00100000000000000002
             1.00000000000000000000             1.00000000000000000000             0.00100000000000000002             0.67849998472956940532             0.01499999999999999944             2.00000000000000000000           321.50000000000000000000             0.00100000000000000002
             1.00000000000000000000             1.00000000000000000000             0.00100000000000000002             0.67749998468207195401             0.01499999999999999944             2.00000000000000000000           322.50000000000000000000             0.00100000000000000002
             1.00000000000000000000             1.00000000000000000000             0.00100000000000000002             0.67649998463457450271             0.01499999999999999944             2.00000000000000000000           323.50000000000000000000             0.00100000000000000002
             1.00000000000000000000             1.00000000000000000000             0.00100000000000000002             0.67549998458707705140             0.01499999999999999944             2.00000000000000000000           324.50000000000000000000             0.00100000000000000002
             1.00000000000000000000             1.00000000000000000000             0.00100000000000000002             0.67449998453957960010             0.01499999999999999944             2.00000000000000000000           325.50000000000000000000             0.00100000000000000002
             1.00000000000000000000             1.00000000000000000000             0.00100000000000000002             0.67349998449208214879             0.01499999999999999944             2.00000000000000000000           326.50000000000000000000             0.00100000000000000002
             1.00000000000000000000             1.00000000000000000000             0.00100000000000000002             0.67249998444458469748             0.01499999999999999944             2.00000000000000000000           327.50000000000000000000             0.00100000000000000002
             1.00000000000000000000             1.00000000000000000000             0.00100000000000000002             0.67149998439708724618             0.01499999999999999944             2.00000000000000000000           328.50000000000000000000             0.00100000000000000002
             1.00000000000000000000             1.00000000000000000000             0.00100000000000000002             0.67049998434958979487             0.01499999999999999944             2.00000000000000000000           329.50000000000000000000             0.00100000000000000002
             1.00000000000000000000             1.00000000000000000000             0.00100000000000000002             0.66949998430209234357             0.01499999999999999944             2.00000000000000000000           330.50000000000000000000             0.00100000000000000002
             1.00000000000000000000             1.00000000000000000000             0.00100000000000000002             0.66849998425459489226             0.01499999999999999944             2.00000000000000000000           331.50000000000000000000             0.00100000000000000002
             1.00000000000000000000             1.00000000000000000000             0.00100000000000000002             0.66749998420709744096             0.01499999999999999944             2.00000000000000000000           332.50000000000000000000             0.00100000000000000002
             1.00000000000000000000             1.00000000000000000000             0.00100000000000000002             0.66649998415959998965             0.01499999999999999944             2.00000000000000000000           333.50000000000000000000             0.00100000000000000002
             1.00000000000000000000             1.00000000000000000000             0.00100000000000000002             0.66549998411210253835             0.01499999999999999944             2.00000000000000000000           334.50000000000000000000             0.00100000000000000002
             1.00000000000000000000             1.00000000000000000000             0.00100000000000000002             0.66449998406460508704             0.01499999999999999944             2.00000000000000000000           335.50000000000000000000             0.00100000000000000002
             1.00000000000000000000             1.00000000000000000000             0.00100000000000000002             0.66349998401710763574             0.01499999999999999944             2.00000000000000000000           336.50000000000000000000             0.00100000000000000002
             1.00000000000000000000             1.00000000000000000000             0.00100000000000000002             0.66249998396961018443             0.01499999999999999944             2.00000000000000000000           337.50000000000000000000             0.00100000000000000002
             1.00000000000000000000             1.00000000000000000000             0.00100000000000000002             0.66149998392211273313             0.01499999999999999944             2.00000000000000000000           338.50000000000000000000             0.00100000000000000002
             1.00000000000000000000             1.00000000000000000000             0.00100000000000000002             0.66049998387461528182             0.01499999999999999944             2.00000000000000000000           339.50000000000000000000             0.00100000000000000002
             1.00000000000000000000             1.00000000000000000000             0.00100000000000000002             0.65949998382711783051             0.01499999999999999944             2.00000000000000000000           340.50000000000000000000             0.00100000000000000002
             1.00000000000000000000             1.00000000000000000000             0.00100000000000000002             0.65849998377962037921             0.01499999999999999944             2.00000000000000000000           341.50000000000000000000             0.00100000000000000002
             1.00000000000000000000             1.00000000000000000000             0.00100000000000000002             0.65749998373212292790             0.01499999999999999944             2.00000000000000000000           342.50000000000000000000             0.00100000000000000002
             1.00000000000000000000             1.00000000000000000000             0.00100000000000000002             0.65649998368462547660             0.01499999999999999944             2.00000000000000000000           343.50000000000000000000             0.00100000000000000002
             1.00000000000000000000             1.00000000000000000000             0.00100000000000000002             0.65549998363712802529             0.01499999999999999944             2.00000000000000000000           344.50000000000000000000             0.00100000000000000002
             1.00000000000000000000             1.00000000000000000000             0.00100000000000000002             0.65449998358963057399             0.01499999999999999944             2.00000000000000000000           345.50000000000000000000             0.00100000000000000002
             1.00000000000000000000             1.00000000000000000000             0.00100000000000000002             0.65349998354213312268             0.01499999999999999944             2.00000000000000000000           346.50000000000000000000             0.00100000000000000002
             1.00000000000000000000             1.00000000000000000000             0.00100000000000000002             0.65249998349463567138             0.01499999999999999944             2.00000000000000000000           347.50000000000000000000             0.00100000000000000002
             1.00000000000000000000             1.00000000000000000000             0.00100000000000000002             0.65149998344713822007             0.01499999999999999944             2.00000000000000000000           348.50000000000000000000             0.00100000000000000002
             1.00000000000000000000             1.00000000000000000000             0.00100000000000000002             0.65049998339964076877             0.01499999999999999944             2.00000000000000000000           349.50000000000000000000             0.00100000000000000002
             1.00000000000000000000             1.00000000000000000000             0.00100000000000000002             0.64949998335214331746             0.01499999999999999944             2.00000000000000000000           350.50000000000000000000             0.00100000000000000002
             1.00000000000000000000             1.00000000000000000000             0.00100000000000000002             0.64849998330464586616             0.01499999999999999944             2.00000000000000000000           351.50000000000000000000             0.00100000000000000002
             1.00000000000000000000             1.00000000000000000000             0.00100000000000000002             0.64749998325714841485             0.01499999999999999944             2.00000000000000000000           352.50000000000000000000             0.00100000000000000002
             1.00000000000000000000             1.00000000000000000000             0.00100000000000000002             0.64649998320965096354             0.01499999999999999944             2.00000000000000000000           353.50000000000000000000             0.00100000000000000002
             1.00000000000000000000             1.00000000000000000000             0.00100000000000000002             0.64549998316215351224             0.01499999999999999944             2.00000000000000000000           354.50000000000000000000             0.00100000000000000002
             1.00000000000000000000             1.00000000000000000000             0.00100000000000000002             0.64449998311465606093             0.01499999999999999944             2.00000000000000000000           355.50000000000000000000             0.00100000000000000002
             1.00000000000000000000             1.00000000000000000000             0.00100000000000000002             0.64349998306715860963             0.01499999999999999944             2.00000000000000000000           356.50000000000000000000             0.00100000000000000002
             1.00000000000000000000             1.00000000000000000000             0.00100000000000000002             0.64249998301966115832             0.01499999999999999944             2.00000000000000000000           357.50000000000000000000             0.00100000000000000002
             1.00000000000000000000             1.00000000000000000000             0.00100000000000000002             0.64149998297216370702             0.01499999999999999944             2.00000000000000000000           358.50000000000000000000             0.00100000000000000002
             1.00000000000000000000             1.00000000000000000000             0.00100000000000000002             0.64049998292466625571             0.01499999999999999944             2.00000000000000000000           359.50000000000000000000             0.00100000000000000002
             1.00000000000000000000             1.00000000000000000000             0.00100000000000000002             0.63949998287716880441             0.01499999999999999944             2.00000000000000000000           360.50000000000000000000             0.00100000000000000002
             1.00000000000000000000             1.00000000000000000000             0.00100000000000000002             0.63849998282967135310             0.01499999999999999944             2.00000000000000000000           361.50000000000000000000             0.00100000000000000002
             1.00000000000000000000             1.00000000000000000000             0.00100000000000000002             0.63749998278217390180             0.01499999999999999944             2.00000000000000000000           362.50000000000000000000             0.00100000000000000002
             1.00000000000000000000             1.00000000000000000000             0.00100000000000000002             0.63649998273467645049             0.01499999999999999944             2.00000000000000000000           363.50000000000000000000             0.00100000000000000002
             1.00000000000000000000             1.00000000000000000000             0.00100000000000000002             0.63549998268717899919             0.01499999999999999944             2.00000000000000000000           364.50000000000000000000             0.00100000000000000002
             1.00000000000000000000             1.00000000000000000000             0.00100000000000000002             0.63449998263968154788             0.01499999999999999944             2.00000000000000000000           365.50000000000000000000             0.00100000000000000002
             1.00000000000000000000             1.00000000000000000000             0.00100000000000000002             0.63349998259218409657             0.01499999999999999944             2.00000000000000000000           366.50000000000000000000             0.00100000000000000002
             1.00000000000000000000             1.00000000000000000000             0.00100000000000000002             0.63249998254468664527             0.01499999999999999944             2.00000000000000000000           367.50000000000000000000             0.00100000000000000002
             1.00000000000000000000             1.00000000000000000000             0.00100000000000000002             0.63149998249718919396             0.01499999999999999944             2.00000000000000000000           368.50000000000000000000             0.00100000000000000002
             1.00000000000000000000             1.00000000000000000000             0.00100000000000000002             0.63049998244969174266             0.01499999999999999944             2.00000000000000000000           369.50000000000000000000             0.00100000000000000002
             1.00000000000000000000             1.00000000000000000000             0.00100000000000000002             0.62949998240219429135             0.01499999999999999944             2.00000000000000000000           370.50000000000000000000             0.00100000000000000002
             1.00000000000000000000             1.00000000000000000000             0.00100000000000000002             0.62849998235469684005             0.01499999999999999944             2.00000000000000000000           371.50000000000000000000             0.00100000000000000002
             1.00000000000000000000             1.00000000000000000000             0.00100000000000000002             0.62749998230719938874             0.01499999999999999944             2.00000000000000000000           372.50000000000000000000             0.00100000000000000002
             1.00000000000000000000             1.00000000000000000000             0.00100000000000000002             0.62649998225970193744             0.01499999999999999944             2.00000000000000000000           373.50000000000000000000             0.00100000000000000002
             1.00000000000000000000             1.00000000000000000000             0.00100000000000000002             0.62549998221220448613             0.01499999999999999944             2.00000000000000000000           374.50000000000000000000             0.00100000000000000002
             0.00100000000000000002
