                    125
             1.00000000000000000000             1.00000000000000000000             0.00100000000000000002             0.62449998216470703483             0.01499999999999999944             2.00000000000000000000           375.50000000000000000000             0.00100000000000000002
             1.00000000000000000000             1.00000000000000000000             0.00100000000000000002             0.62349998211720958352             0.01499999999999999944             2.00000000000000000000           376.50000000000000000000             0.00100000000000000002
             1.00000000000000000000             1.00000000000000000000             0.00100000000000000002             0.62249998206971213222             0.01499999999999999944             2.00000000000000000000           377.50000000000000000000             0.00100000000000000002
             1.00000000000000000000             1.00000000000000000000             0.00100000000000000002             0.62149998202221468091             0.01499999999999999944             2.00000000000000000000           378.50000000000000000000             0.00100000000000000002
             1.00000000000000000000             1.00000000000000000000             0.00100000000000000002             0.62049998197471722960             0.01499999999999999944             2.00000000000000000000           379.50000000000000000000             0.00100000000000000002
             1.00000000000000000000             1.00000000000000000000             0.00100000000000000002             0.61949998192721977830             0.01499999999999999944             2.00000000000000000000           380.50000000000000000000             0.00100000000000000002
             1.00000000000000000000             1.00000000000000000000             0.00100000000000000002             0.61849998187972232699             0.01499999999999999944             2.00000000000000000000           381.50000000000000000000             0.00100000000000000002
             1.00000000000000000000             1.00000000000000000000             0.00100000000000000002             0.61749998183222487569             0.01499999999999999944             2.00000000000000000000           382.50000000000000000000             0.00100000000000000002
             1.00000000000000000000             1.00000000000000000000             0.00100000000000000002             0.61649998178472742438             0.01499999999999999944             2.00000000000000000000           383.50000000000000000000             0.00100000000000000002
             1.00000000000000000000             1.00000000000000000000             0.00100000000000000002             0.61549998173722997308             0.01499999999999999944             2.00000000000000000000           384.50000000000000000000             0.00100000000000000002
             1.00000000000000000000             1.00000000000000000000             0.00100000000000000002             0.61449998168973252177             0.01499999999999999944             2.00000000000000000000           385.50000000000000000000             0.00100000000000000002
             1.00000000000000000000             1.00000000000000000000             0.00100000000000000002             0.61349998164223507047             0.01499999999999999944             2.00000000000000000000           386.50000000000000000000             0.00100000000000000002
             1.00000000000000000000             1.00000000000000000000             0.00100000000000000002             0.61249998159473761916             0.01499999999999999944             2.00000000000000000000           387.50000000000000000000             0.00100000000000000002
             1.00000000000000000000             1.00000000000000000000             0.00100000000000000002             0.61149998154724016786             0.01499999999999999944             2.00000000000000000000           388.50000000000000000000             0.00100000000000000002
             1.00000000000000000000             1.00000000000000000000             0.00100000000000000002             0.61049998149974271655             0.01499999999999999944             2.00000000000000000000           389.50000000000000000000             0.00100000000000000002
             1.00000000000000000000             1.00000000000000000000             0.00100000000000000002             0.60949998145224526525             0.01499999999999999944             2.00000000000000000000           390.50000000000000000000             0.00100000000000000002
             1.00000000000000000000             1.00000000000000000000             0.00100000000000000002             0.60849998140474781394             0.01499999999999999944             2.00000000000000000000           391.50000000000000000000             0.00100000000000000002
             1.00000000000000000000             1.00000000000000000000             0.00100000000000000002             0.60749998135725036263             0.01499999999999999944             2.00000000000000000000           392.50000000000000000000             0.00100000000000000002
             1.00000000000000000000             1.00000000000000000000             0.00100000000000000002             0.60649998130975291133             0.01499999999999999944             2.00000000000000000000           393.50000000000000000000             0.00100000000000000002
             1.00000000000000000000             1.00000000000000000000             0.00100000000000000002             0.60549998126225546002             0.01499999999999999944             2.00000000000000000000           394.50000000000000000000             0.00100000000000000002
             1.00000000000000000000             1.00000000000000000000             0.00100000000000000002             0.60449998121475800872             0.01499999999999999944             2.00000000000000000000           395.50000000000000000000             0.00100000000000000002
             1.00000000000000000000             1.00000000000000000000             0.00100000000000000002             0.60349998116726055741             0.01499999999999999944             2.00000000000000000000           396.50000000000000000000             0.00100000000000000002
             1.00000000000000000000             1.00000000000000000000             0.00100000000000000002             0.60249998111976310611             0.01499999999999999944             2.00000000000000000000           397.50000000000000000000             0.00100000000000000002
             1.00000000000000000000             1.00000000000000000000             0.00100000000000000002             0.60149998107226565480             0.01499999999999999944             2.00000000000000000000           398.50000000000000000000             0.00100000000000000002
             1.00000000000000000000             1.00000000000000000000             0.00100000000000000002             0.60049998102476820350             0.01499999999999999944             2.00000000000000000000           399.50000000000000000000             0.00100000000000000002
             1.00000000000000000000             1.00000000000000000000             0.00100000000000000002             0.59949998097727075219             0.01499999999999999944             2.00000000000000000000           400.50000000000000000000             0.00100000000000000002
             1.00000000000000000000             1.00000000000000000000             0.00100000000000000002             0.59849998092977330089             0.01499999999999999944             2.00000000000000000000           401.50000000000000000000             0.00100000000000000002
             1.00000000000000000000             1.00000000000000000000             0.00100000000000000002             0.59749998088227584958             0.01499999999999999944             2.00000000000000000000           402.50000000000000000000             0.00100000000000000002
             1.00000000000000000000             1.00000000000000000000             0.00100000000000000002             0.59649998083477839828             0.01499999999999999944             2.00000000000000000000           403.50000000000000000000             0.00100000000000000002
             1.00000000000000000000             1.00000000000000000000             0.00100000000000000002             0.59549998078728094697             0.01499999999999999944             2.00000000000000000000           404.50000000000000000000             0.00100000000000000002
             1.00000000000000000000             1.00000000000000000000             0.00100000000000000002             0.59449998073978349566             0.01499999999999999944             2.00000000000000000000           405.50000000000000000000             0.00100000000000000002
             1.00000000000000000000             1.00000000000000000000             0.00100000000000000002             0.59349998069228604436             0.01499999999999999944             2.00000000000000000000           406.50000000000000000000             0.00100000000000000002
             1.00000000000000000000             1.00000000000000000000             0.00100000000000000002             0.59249998064478859305             0.01499999999999999944             2.00000000000000000000           407.50000000000000000000             0.00100000000000000002
             1.00000000000000000000             1.00000000000000000000             0.00100000000000000002             0.59149998059729114175             0.01499999999999999944             2.00000000000000000000           408.50000000000000000000             0.00100000000000000002
             1.00000000000000000000             1.00000000000000000000             0.00100000000000000002             0.59049998054979369044             0.01499999999999999944             2.00000000000000000000           409.50000000000000000000             0.00100000000000000002
             1.00000000000000000000             1.00000000000000000000             0.00100000000000000002             0.58949998050229623914             0.01499999999999999944             2.00000000000000000000           410.50000000000000000000             0.00100000000000000002
             1.00000000000000000000             1.00000000000000000000             0.00100000000000000002             0.58849998045479878783             0.01499999999999999944             2.00000000000000000000           411.50000000000000000000             0.00100000000000000002
             1.00000000000000000000             1.00000000000000000000             0.00100000000000000002             0.58749998040730133653             0.01499999999999999944             2.00000000000000000000           412.50000000000000000000             0.00100000000000000002
             1.00000000000000000000             1.00000000000000000000             0.00100000000000000002             0.58649998035980388522             0.01499999999999999944             2.00000000000000000000           413.50000000000000000000             0.00100000000000000002
             1.00000000000000000000             1.00000000000000000000             0.00100000000000000002             0.58549998031230643392             0.01499999999999999944             2.00000000000000000000           414.50000000000000000000             0.00100000000000000002
             1.00000000000000000000             1.00000000000000000000             0.00100000000000000002             0.58449998026480898261             0.01499999999999999944             2.00000000000000000000           415.50000000000000000000             0.00100000000000000002
             1.00000000000000000000             1.00000000000000000000             0.00100000000000000002             0.58349998021731153131             0.01499999999999999944             2.00000000000000000000           416.50000000000000000000             0.00100000000000000002
             1.00000000000000000000             1.00000000000000000000             0.00100000000000000002             0.58249998016981408000             0.01499999999999999944             2.00000000000000000000           417.50000000000000000000             0.00100000000000000002
             1.00000000000000000000             1.00000000000000000000             0.00100000000000000002             0.58149998012231662869             0.01499999999999999944             2.00000000000000000000           418.50000000000000000000             0.00100000000000000002
             1.00000000000000000000             1.00000000000000000000             0.00100000000000000002             0.58049998007481917739             0.01499999999999999944             2.00000000000000000000           419.50000000000000000000             0.00100000000000000002
             1.00000000000000000000             1.00000000000000000000             0.00100000000000000002             0.57949998002732172608             0.01499999999999999944             2.00000000000000000000           420.50000000000000000000             0.00100000000000000002
             1.00000000000000000000             1.00000000000000000000             0.00100000000000000002             0.57849997997982427478             0.01499999999999999944             2.00000000000000000000           421.50000000000000000000             0.00100000000000000002
             1.00000000000000000000             1.00000000000000000000             0.00100000000000000002             0.57749997993232682347             0.01499999999999999944             2.00000000000000000000           422.50000000000000000000             0.00100000000000000002
             1.00000000000000000000             1.00000000000000000000             0.00100000000000000002             0.57649997988482937217             0.01499999999999999944             2.00000000000000000000           423.50000000000000000000             0.00100000000000000002
             1.00000000000000000000             1.00000000000000000000             0.00100000000000000002             0.57549997983733192086             0.01499999999999999944             2.00000000000000000000           424.50000000000000000000             0.00100000000000000002
             1.00000000000000000000             1.00000000000000000000             0.00100000000000000002             0.57449997978983446956             0.01499999999999999944             2.00000000000000000000           425.50000000000000000000             0.00100000000000000002
             1.00000000000000000000             1.00000000000000000000             0.00100000000000000002             0.57349997974233701825             0.01499999999999999944             2.00000000000000000000           426.50000000000000000000             0.00100000000000000002
             1.00000000000000000000             1.00000000000000000000             0.00100000000000000002             0.57249997969483956695             0.01499999999999999944             2.00000000000000000000           427.50000000000000000000             0.00100000000000000002
             1.00000000000000000000             1.00000000000000000000             0.00100000000000000002             0.57149997964734211564             0.01499999999999999944             2.00000000000000000000           428.50000000000000000000             0.00100000000000000002
             1.00000000000000000000             1.00000000000000000000             0.00100000000000000002             0.57049997959984466434             0.01499999999999999944             2.00000000000000000000           429.50000000000000000000             0.00100000000000000002
             1.00000000000000000000             1.00000000000000000000             0.00100000000000000002             0.56949997955234721303             0.01499999999999999944             2.00000000000000000000           430.50000000000000000000             0.00100000000000000002
             1.00000000000000000000             1.00000000000000000000             0.00100000000000000002             0.56849997950484976172             0.01499999999999999944             2.00000000000000000000           431.50000000000000000000             0.00100000000000000002
             1.00000000000000000000             1.00000000000000000000             0.00100000000000000002             0.56749997945735231042             0.01499999999999999944             2.00000000000000000000           432.50000000000000000000             0.00100000000000000002
             1.00000000000000000000             1.00000000000000000000             0.00100000000000000002             0.56649997940985485911             0.01499999999999999944             2.00000000000000000000           433.50000000000000000000             0.00100000000000000002
             1.00000000000000000000             1.00000000000000000000             0.00100000000000000002             0.56549997936235740781             0.01499999999999999944             2.00000000000000000000           434.50000000000000000000             0.00100000000000000002
             1.00000000000000000000             1.00000000000000000000             0.00100000000000000002             0.56449997931485995650             0.01499999999999999944             2.00000000000000000000           435.50000000000000000000             0.00100000000000000002
             1.00000000000000000000             1.00000000000000000000             0.00100000000000000002             0.56349997926736250520             0.01499999999999999944             2.00000000000000000000           436.50000000000000000000             0.00100000000000000002
             1.00000000000000000000             1.00000000000000000000             0.00100000000000000002             0.56249997921986505389             0.01499999999999999944             2.00000000000000000000           437.50000000000000000000             0.00100000000000000002
             1.00000000000000000000             1.00000000000000000000             0.00100000000000000002             0.56149997917236760259             0.01499999999999999944             2.00000000000000000000           438.50000000000000000000             0.00100000000000000002
             1.00000000000000000000             1.00000000000000000000             0.00100000000000000002             0.56049997912487015128             0.01499999999999999944             2.00000000000000000000           439.50000000000000000000             0.00100000000000000002
             1.00000000000000000000             1.00000000000000000000             0.00100000000000000002             0.55949997907737269998             0.01499999999999999944             2.00000000000000000000           440.50000000000000000000             0.00100000000000000002
             1.00000000000000000000             1.00000000000000000000             0.00100000000000000002             0.55849997902987524867             0.01499999999999999944             2.00000000000000000000           441.50000000000000000000             0.00100000000000000002
             1.00000000000000000000             1.00000000000000000000             0.00100000000000000002             0.55749997898237779737             0.01499999999999999944             2.00000000000000000000           442.50000000000000000000             0.00100000000000000002
             1.00000000000000000000             1.00000000000000000000             0.00100000000000000002             0.55649997893488034606             0.01499999999999999944             2.00000000000000000000           443.50000000000000000000             0.00100000000000000002
             1.00000000000000000000             1.00000000000000000000             0.00100000000000000002             0.55549997888738289475             0.01499999999999999944             2.00000000000000000000           444.50000000000000000000             0.00100000000000000002
             1.00000000000000000000             1.00000000000000000000             0.00100000000000000002             0.55449997883988544345             0.01499999999999999944             2.00000000000000000000           445.50000000000000000000             0.00100000000000000002
             1.00000000000000000000             1.00000000000000000000             0.00100000000000000002             0.55349997879238799214             0.01499999999999999944             2.00000000000000000000           446.50000000000000000000             0.00100000000000000002
             1.00000000000000000000             1.00000000000000000000             0.00100000000000000002             0.55249997874489054084             0.01499999999999999944             2.00000000000000000000           447.50000000000000000000             0.00100000000000000002
             1.00000000000000000000             1.00000000000000000000             0.00100000000000000002             0.55149997869739308953             0.01499999999999999944             2.00000000000000000000           448.50000000000000000000             0.00100000000000000002
             1.00000000000000000000             1.00000000000000000000             0.00100000000000000002             0.55049997864989563823             0.01499999999999999944             2.00000000000000000000           449.50000000000000000000             0.00100000000000000002
             1.00000000000000000000             1.00000000000000000000             0.00100000000000000002             0.54949997860239818692             0.01499999999999999944             2.00000000000000000000           450.50000000000000000000             0.00100000000000000002
             1.00000000000000000000             1.00000000000000000000             0.00100000000000000002             0.54849997855490073562             0.01499999999999999944             2.00000000000000000000           451.50000000000000000000             0.00100000000000000002
             1.00000000000000000000             1.00000000000000000000             0.00100000000000000002             0.54749997850740328431             0.01499999999999999944             2.00000000000000000000           452.50000000000000000000             0.00100000000000000002
             1.00000000000000000000             1.00000000000000000000             0.00100000000000000002             0.54649997845990583301             0.01499999999999999944             2.00000000000000000000           453.50000000000000000000             0.00100000000000000002
             1.00000000000000000000             1.00000000000000000000             0.00100000000000000002             0.54549997841240838170             0.01499999999999999944             2.00000000000000000000           454.50000000000000000000             0.00100000000000000002
             1.00000000000000000000             1.00000000000000000000             0.00100000000000000002             0.54449997836491093040             0.01499999999999999944             2.00000000000000000000           455.50000000000000000000             0.00100000000000000002
             1.00000000000000000000             1.00000000000000000000             0.00100000000000000002             0.54349997831741347909             0.01499999999999999944             2.00000000000000000000           456.50000000000000000000             0.00100000000000000002
             1.00000000000000000000             1.00000000000000000000             0.00100000000000000002             0.54249997826991602778             0.01499999999999999944             2.00000000000000000000           457.50000000000000000000             0.00100000000000000002
             1.00000000000000000000             1.00000000000000000000             0.00100000000000000002             0.54149997822241857648             0.01499999999999999944             2.00000000000000000000           458.50000000000000000000             0.00100000000000000002
             1.00000000000000000000             1.00000000000000000000             0.00100000000000000002             0.54049997817492112517             0.01499999999999999944             2.00000000000000000000           459.50000000000000000000             0.00100000000000000002
             1.00000000000000000000             1.00000000000000000000             0.00100000000000000002             0.53949997812742367387             0.01499999999999999944             2.00000000000000000000           460.50000000000000000000             0.00100000000000000002
             1.00000000000000000000             1.00000000000000000000             0.00100000000000000002             0.53849997807992622256             0.01499999999999999944             2.00000000000000000000           461.50000000000000000000             0.00100000000000000002
             1.00000000000000000000             1.00000000000000000000             0.00100000000000000002             0.53749997803242877126             0.01499999999999999944             2.00000000000000000000           462.50000000000000000000             0.00100000000000000002
             1.00000000000000000000             1.00000000000000000000             0.00100000000000000002             0.53649997798493131995             0.01499999999999999944             2.00000000000000000000           463.50000000000000000000             0.00100000000000000002
             1.00000000000000000000             1.00000000000000000000             0.00100000000000000002             0.53549997793743386865             0.01499999999999999944             2.00000000000000000000           464.50000000000000000000             0.00100000000000000002
             1.00000000000000000000             1.00000000000000000000             0.00100000000000000002             0.53449997788993641734             0.01499999999999999944             2.00000000000000000000           465.50000000000000000000             0.00100000000000000002
             1.00000000000000000000             1.00000000000000000000             0.00100000000000000002             0.53349997784243896604             0.01499999999999999944             2.00000000000000000000           466.50000000000000000000             0.00100000000000000002
             1.00000000000000000000             1.00000000000000000000             0.00100000000000000002             0.53249997779494151473             0.01499999999999999944             2.00000000000000000000           467.50000000000000000000             0.00100000000000000002
             1.00000000000000000000             1.00000000000000000000             0.00100000000000000002             0.53149997774744406343             0.01499999999999999944             2.00000000000000000000           468.50000000000000000000             0.00100000000000000002
             1.00000000000000000000             1.00000000000000000000             0.00100000000000000002             0.53049997769994661212             0.01499999999999999944             2.00000000000000000000           469.50000000000000000000             0.00100000000000000002
             1.00000000000000000000             1.00000000000000000000             0.00100000000000000002             0.52949997765244916081             0.01499999999999999944             2.00000000000000000000           470.50000000000000000000             0.00100000000000000002
             1.00000000000000000000             1.00000000000000000000             0.00100000000000000002             0.52849997760495170951             0.01499999999999999944             2.00000000000000000000           471.50000000000000000000             0.00100000000000000002
             1.00000000000000000000             1.00000000000000000000             0.00100000000000000002             0.52749997755745425820             0.01499999999999999944             2.00000000000000000000           472.50000000000000000000             0.00100000000000000002
             1.00000000000000000000             1.00000000000000000000             0.00100000000000000002             0.52649997750995680690             0.01499999999999999944             2.00000000000000000000           473.50000000000000000000             0.00100000000000000002
             1.00000000000000000000             1.00000000000000000000             0.00100000000000000002             0.52549997746245935559             0.01499999999999999944             2.00000000000000000000           474.50000000000000000000             0.00100000000000000002
             1.00000000000000000000             1.00000000000000000000             0.00100000000000000002             0.52449997741496190429             0.01499999999999999944             2.00000000000000000000           475.50000000000000000000             0.00100000000000000002
             1.00000000000000000000             1.00000000000000000000             0.00100000000000000002             0.52349997736746445298             0.01499999999999999944             2.00000000000000000000           476.50000000000000000000             0.00100000000000000002
             1.00000000000000000000             1.00000000000000000000             0.00100000000000000002             0.52249997731996700168             0.01499999999999999944             2.00000000000000000000           477.50000000000000000000             0.00100000000000000002
             1.00000000000000000000             1.00000000000000000000             0.00100000000000000002             0.52149997727246955037             0.01499999999999999944             2.00000000000000000000           478.50000000000000000000             0.00100000000000000002
             1.00000000000000000000             1.00000000000000000000             0.00100000000000000002             0.52049997722497209907             0.01499999999999999944             2.00000000000000000000           479.50000000000000000000             0.00100000000000000002
             1.00000000000000000000             1.00000000000000000000             0.00100000000000000002             0.51949997717747464776             0.01499999999999999944             2.00000000000000000000           480.50000000000000000000             0.00100000000000000002
             1.00000000000000000000             1.00000000000000000000             0.00100000000000000002             0.51849997712997719646             0.01499999999999999944             2.00000000000000000000           481.50000000000000000000             0.00100000000000000002
             1.00000000000000000000             1.00000000000000000000             0.00100000000000000002             0.51749997708247974515             0.01499999999999999944             2.00000000000000000000           482.50000000000000000000             0.00100000000000000002
             1.00000000000000000000             1.00000000000000000000             0.00100000000000000002             0.51649997703498229384             0.01499999999999999944             2.00000000000000000000           483.50000000000000000000             0.00100000000000000002
             1.00000000000000000000             1.00000000000000000000             0.00100000000000000002             0.51549997698748484254             0.01499999999999999944             2.00000000000000000000           484.50000000000000000000             0.00100000000000000002
             1.00000000000000000000             1.00000000000000000000             0.00100000000000000002             0.51449997693998739123             0.01499999999999999944             2.00000000000000000000           485.50000000000000000000             0.00100000000000000002
             1.00000000000000000000             1.00000000000000000000             0.00100000000000000002             0.51349997689248993993             0.01499999999999999944             2.00000000000000000000           486.50000000000000000000             0.00100000000000000002
             1.00000000000000000000             1.00000000000000000000             0.00100000000000000002             0.51249997684499248862             0.01499999999999999944             2.00000000000000000000           487.50000000000000000000             0.00100000000000000002
             1.00000000000000000000             1.00000000000000000000             0.00100000000000000002             0.51149997679749503732             0.01499999999999999944             2.00000000000000000000           488.50000000000000000000             0.00100000000000000002
             1.00000000000000000000             1.00000000000000000000             0.00100000000000000002             0.51049997674999758601             0.01499999999999999944             2.00000000000000000000           489.50000000000000000000             0.00100000000000000002
             1.00000000000000000000             1.00000000000000000000             0.00100000000000000002             0.50949997670250013471             0.01499999999999999944             2.00000000000000000000           490.50000000000000000000             0.00100000000000000002
             1.00000000000000000000             1.00000000000000000000             0.00100000000000000002             0.50849997665500268340             0.01499999999999999944             2.00000000000000000000           491.50000000000000000000             0.00100000000000000002
             1.00000000000000000000             1.00000000000000000000             0.00100000000000000002             0.50749997660750523210             0.01499999999999999944             2.00000000000000000000           492.50000000000000000000             0.00100000000000000002
             1.00000000000000000000             1.00000000000000000000             0.00100000000000000002             0.50649997656000778079             0.01499999999999999944             2.00000000000000000000           493.50000000000000000000             0.00100000000000000002
             1.00000000000000000000             1.00000000000000000000             0.00100000000000000002             0.50549997651251032948             0.01499999999999999944             2.00000000000000000000           494.50000000000000000000             0.00100000000000000002
             1.00000000000000000000             1.00000000000000000000             0.00100000000000000002             0.50449997646501287818             0.01499999999999999944             2.00000000000000000000           495.50000000000000000000             0.00100000000000000002
             1.00000000000000000000             1.00000000000000000000             0.00100000000000000002             0.50349997641751542687             0.01499999999999999944             2.00000000000000000000           496.50000000000000000000             0.00100000000000000002
             1.00000000000000000000             1.00000000000000000000             0.00100000000000000002             0.50249997637001797557             0.01499999999999999944             2.00000000000000000000           497.50000000000000000000             0.00100000000000000002
             1.00000000000000000000             1.00000000000000000000             0.00100000000000000002             0.50149997632252052426             0.01499999999999999944             2.00000000000000000000           498.50000000000000000000             0.00100000000000000002
             1.00000000000000000000             1.00000000000000000000             0.00100000000000000002             0.50049997627502307296             0.01499999999999999944             2.00000000000000000000           499.50000000000000000000             0.00100000000000000002
             0.00100000000000000002
