                    125
             1.00000000000000000000             1.00000000000000000000             0.00100000000000000002             0.24949996435316279531             0.01499999999999999944             2.00000000000000000000           750.50000000000000000000             0.00100000000000000002
             1.00000000000000000000             1.00000000000000000000             0.00100000000000000002             0.24849996430566534400             0.01499999999999999944             2.00000000000000000000           751.50000000000000000000             0.00100000000000000002
             1.00000000000000000000             1.00000000000000000000             0.00100000000000000002             0.24749996425816789269             0.01499999999999999944             2.00000000000000000000           752.50000000000000000000             0.00100000000000000002
             1.00000000000000000000             1.00000000000000000000             0.00100000000000000002             0.24649996421067044139             0.01499999999999999944             2.00000000000000000000           753.50000000000000000000             0.00100000000000000002
             1.00000000000000000000             1.00000000000000000000             0.00100000000000000002             0.24549996416317299008             0.01499999999999999944             2.00000000000000000000           754.50000000000000000000             0.00100000000000000002
             1.00000000000000000000             1.00000000000000000000             0.00100000000000000002             0.24449996411567553878             0.01499999999999999944             2.00000000000000000000           755.50000000000000000000             0.00100000000000000002
             1.00000000000000000000             1.00000000000000000000             0.00100000000000000002             0.24349996406817808747             0.01499999999999999944             2.00000000000000000000           756.50000000000000000000             0.00100000000000000002
             1.00000000000000000000             1.00000000000000000000             0.00100000000000000002             0.24249996402068063617             0.01499999999999999944             2.00000000000000000000           757.50000000000000000000             0.00100000000000000002
             1.00000000000000000000             1.00000000000000000000             0.00100000000000000002             0.24149996397318318486             0.01499999999999999944             2.00000000000000000000           758.50000000000000000000             0.00100000000000000002
             1.00000000000000000000             1.00000000000000000000             0.00100000000000000002             0.24049996392568573356             0.01499999999999999944             2.00000000000000000000           759.50000000000000000000             0.00100000000000000002
             1.00000000000000000000             1.00000000000000000000             0.00100000000000000002             0.23949996387818828225             0.01499999999999999944             2.00000000000000000000           760.50000000000000000000             0.00100000000000000002
             1.00000000000000000000             1.00000000000000000000             0.00100000000000000002             0.23849996383069083095             0.01499999999999999944             2.00000000000000000000           761.50000000000000000000             0.00100000000000000002
             1.00000000000000000000             1.00000000000000000000             0.00100000000000000002             0.23749996378319337964             0.01499999999999999944             2.00000000000000000000           762.50000000000000000000             0.00100000000000000002
             1.00000000000000000000             1.00000000000000000000             0.00100000000000000002             0.23649996373569592834             0.01499999999999999944             2.00000000000000000000           763.50000000000000000000             0.00100000000000000002
             1.00000000000000000000             1.00000000000000000000             0.00100000000000000002             0.23549996368819847703             0.01499999999999999944             2.00000000000000000000           764.50000000000000000000             0.00100000000000000002
             1.00000000000000000000             1.00000000000000000000             0.00100000000000000002             0.23449996364070102572             0.01499999999999999944             2.00000000000000000000           765.50000000000000000000             0.00100000000000000002
             1.00000000000000000000             1.00000000000000000000             0.00100000000000000002             0.23349996359320357442             0.01499999999999999944             2.00000000000000000000           766.50000000000000000000             0.00100000000000000002
             1.00000000000000000000             1.00000000000000000000             0.00100000000000000002             0.23249996354570612311             0.01499999999999999944             2.00000000000000000000           767.50000000000000000000             0.00100000000000000002
             1.00000000000000000000             1.00000000000000000000             0.00100000000000000002             0.23149996349820867181             0.01499999999999999944             2.00000000000000000000           768.50000000000000000000             0.00100000000000000002
             1.00000000000000000000             1.00000000000000000000             0.00100000000000000002             0.23049996345071122050             0.01499999999999999944             2.00000000000000000000           769.50000000000000000000             0.00100000000000000002
             1.00000000000000000000             1.00000000000000000000             0.00100000000000000002             0.22949996340321376920             0.01499999999999999944             2.00000000000000000000           770.50000000000000000000             0.00100000000000000002
             1.00000000000000000000             1.00000000000000000000             0.00100000000000000002             0.22849996335571631789             0.01499999999999999944             2.00000000000000000000           771.50000000000000000000             0.00100000000000000002
             1.00000000000000000000             1.00000000000000000000             0.00100000000000000002             0.22749996330821886659             0.01499999999999999944             2.00000000000000000000           772.50000000000000000000             0.00100000000000000002
             1.00000000000000000000             1.00000000000000000000             0.00100000000000000002             0.22649996326072141528             0.01499999999999999944             2.00000000000000000000           773.50000000000000000000             0.00100000000000000002
             1.00000000000000000000             1.00000000000000000000             0.00100000000000000002             0.22549996321322396398             0.01499999999999999944             2.00000000000000000000           774.50000000000000000000             0.00100000000000000002
             1.00000000000000000000             1.00000000000000000000             0.00100000000000000002             0.22449996316572651267             0.01499999999999999944             2.00000000000000000000           775.50000000000000000000             0.00100000000000000002
             1.00000000000000000000             1.00000000000000000000             0.00100000000000000002             0.22349996311822906137             0.01499999999999999944             2.00000000000000000000           776.50000000000000000000             0.00100000000000000002
             1.00000000000000000000             1.00000000000000000000             0.00100000000000000002             0.22249996307073161006             0.01499999999999999944             2.00000000000000000000           777.50000000000000000000             0.00100000000000000002
             1.00000000000000000000             1.00000000000000000000             0.00100000000000000002             0.22149996302323415875             0.01499999999999999944             2.00000000000000000000           778.50000000000000000000             0.00100000000000000002
             1.00000000000000000000             1.00000000000000000000             0.00100000000000000002             0.22049996297573670745             0.01499999999999999944             2.00000000000000000000           779.50000000000000000000             0.00100000000000000002
             1.00000000000000000000             1.00000000000000000000             0.00100000000000000002             0.21949996292823925614             0.01499999999999999944             2.00000000000000000000           780.50000000000000000000             0.00100000000000000002
             1.00000000000000000000             1.00000000000000000000             0.00100000000000000002             0.21849996288074180484             0.01499999999999999944             2.00000000000000000000           781.50000000000000000000             0.00100000000000000002
             1.00000000000000000000             1.00000000000000000000             0.00100000000000000002             0.21749996283324435353             0.01499999999999999944             2.00000000000000000000           782.50000000000000000000             0.00100000000000000002
             1.00000000000000000000             1.00000000000000000000             0.00100000000000000002             0.21649996278574690223             0.01499999999999999944             2.00000000000000000000           783.50000000000000000000             0.00100000000000000002
             1.00000000000000000000             1.00000000000000000000             0.00100000000000000002             0.21549996273824945092             0.01499999999999999944             2.00000000000000000000           784.50000000000000000000             0.00100000000000000002
             1.00000000000000000000             1.00000000000000000000             0.00100000000000000002             0.21449996269075199962             0.01499999999999999944             2.00000000000000000000           785.50000000000000000000             0.00100000000000000002
             1.00000000000000000000             1.00000000000000000000             0.00100000000000000002             0.21349996264325454831             0.01499999999999999944             2.00000000000000000000           786.50000000000000000000             0.00100000000000000002
             1.00000000000000000000             1.00000000000000000000             0.00100000000000000002             0.21249996259575709701             0.01499999999999999944             2.00000000000000000000           787.50000000000000000000             0.00100000000000000002
             1.00000000000000000000             1.00000000000000000000             0.00100000000000000002             0.21149996254825964570             0.01499999999999999944             2.00000000000000000000           788.50000000000000000000             0.00100000000000000002
             1.00000000000000000000             1.00000000000000000000             0.00100000000000000002             0.21049996250076219440             0.01499999999999999944             2.00000000000000000000           789.50000000000000000000             0.00100000000000000002
             1.00000000000000000000             1.00000000000000000000             0.00100000000000000002             0.20949996245326474309             0.01499999999999999944             2.00000000000000000000           790.50000000000000000000             0.00100000000000000002
             1.00000000000000000000             1.00000000000000000000             0.00100000000000000002             0.20849996240576729178             0.01499999999999999944             2.00000000000000000000           791.50000000000000000000             0.00100000000000000002
             1.00000000000000000000             1.00000000000000000000             0.00100000000000000002             0.20749996235826984048             0.01499999999999999944             2.00000000000000000000           792.50000000000000000000             0.00100000000000000002
             1.00000000000000000000             1.00000000000000000000             0.00100000000000000002             0.20649996231077238917             0.01499999999999999944             2.00000000000000000000           793.50000000000000000000             0.00100000000000000002
             1.00000000000000000000             1.00000000000000000000             0.00100000000000000002             0.20549996226327493787             0.01499999999999999944             2.00000000000000000000           794.50000000000000000000             0.00100000000000000002
             1.00000000000000000000             1.00000000000000000000             0.00100000000000000002             0.20449996221577748656             0.01499999999999999944             2.00000000000000000000           795.50000000000000000000             0.00100000000000000002
             1.00000000000000000000             1.00000000000000000000             0.00100000000000000002             0.20349996216828003526             0.01499999999999999944             2.00000000000000000000           796.50000000000000000000             0.00100000000000000002
             1.00000000000000000000             1.00000000000000000000             0.00100000000000000002             0.20249996212078258395             0.01499999999999999944             2.00000000000000000000           797.50000000000000000000             0.00100000000000000002
             1.00000000000000000000             1.00000000000000000000             0.00100000000000000002             0.20149996207328513265             0.01499999999999999944             2.00000000000000000000           798.50000000000000000000             0.00100000000000000002
             1.00000000000000000000             1.00000000000000000000             0.00100000000000000002             0.20049996202578768134             0.01499999999999999944             2.00000000000000000000           799.50000000000000000000             0.00100000000000000002
             1.00000000000000000000             1.00000000000000000000             0.00100000000000000002             0.19949996197829023004             0.01499999999999999944             2.00000000000000000000           800.50000000000000000000             0.00100000000000000002
             1.00000000000000000000             1.00000000000000000000             0.00100000000000000002             0.19849996193079277873             0.01499999999999999944             2.00000000000000000000           801.50000000000000000000             0.00100000000000000002
             1.00000000000000000000             1.00000000000000000000             0.00100000000000000002             0.19749996188329532743             0.01499999999999999944             2.00000000000000000000           802.50000000000000000000             0.00100000000000000002
             1.00000000000000000000             1.00000000000000000000             0.00100000000000000002             0.19649996183579787612             0.01499999999999999944             2.00000000000000000000           803.50000000000000000000             0.00100000000000000002
             1.00000000000000000000             1.00000000000000000000             0.00100000000000000002             0.19549996178830042481             0.01499999999999999944             2.00000000000000000000           804.50000000000000000000             0.00100000000000000002
             1.00000000000000000000             1.00000000000000000000             0.00100000000000000002             0.19449996174080297351             0.01499999999999999944             2.00000000000000000000           805.50000000000000000000             0.00100000000000000002
             1.00000000000000000000             1.00000000000000000000             0.00100000000000000002             0.19349996169330552220             0.01499999999999999944             2.00000000000000000000           806.50000000000000000000             0.00100000000000000002
             1.00000000000000000000             1.00000000000000000000             0.00100000000000000002             0.19249996164580807090             0.01499999999999999944             2.00000000000000000000           807.50000000000000000000             0.00100000000000000002
             1.00000000000000000000             1.00000000000000000000             0.00100000000000000002             0.19149996159831061959             0.01499999999999999944             2.00000000000000000000           808.50000000000000000000             0.00100000000000000002
             1.00000000000000000000             1.00000000000000000000             0.00100000000000000002             0.19049996155081316829             0.01499999999999999944             2.00000000000000000000           809.50000000000000000000             0.00100000000000000002
             1.00000000000000000000             1.00000000000000000000             0.00100000000000000002             0.18949996150331571698             0.01499999999999999944             2.00000000000000000000           810.50000000000000000000             0.00100000000000000002
             1.00000000000000000000             1.00000000000000000000             0.00100000000000000002             0.18849996145581826568             0.01499999999999999944             2.00000000000000000000           811.50000000000000000000             0.00100000000000000002
             1.00000000000000000000             1.00000000000000000000             0.00100000000000000002             0.18749996140832081437             0.01499999999999999944             2.00000000000000000000           812.50000000000000000000             0.00100000000000000002
             1.00000000000000000000             1.00000000000000000000             0.00100000000000000002             0.18649996136082336307             0.01499999999999999944             2.00000000000000000000           813.50000000000000000000             0.00100000000000000002
             1.00000000000000000000             1.00000000000000000000             0.00100000000000000002             0.18549996131332591176             0.01499999999999999944             2.00000000000000000000           814.50000000000000000000             0.00100000000000000002
             1.00000000000000000000             1.00000000000000000000             0.00100000000000000002             0.18449996126582846045             0.01499999999999999944             2.00000000000000000000           815.50000000000000000000             0.00100000000000000002
             1.00000000000000000000             1.00000000000000000000             0.00100000000000000002             0.18349996121833100915             0.01499999999999999944             2.00000000000000000000           816.50000000000000000000             0.00100000000000000002
             1.00000000000000000000             1.00000000000000000000             0.00100000000000000002             0.18249996117083355784             0.01499999999999999944             2.00000000000000000000           817.50000000000000000000             0.00100000000000000002
             1.00000000000000000000             1.00000000000000000000             0.00100000000000000002             0.18149996112333610654             0.01499999999999999944             2.00000000000000000000           818.50000000000000000000             0.00100000000000000002
             1.00000000000000000000             1.00000000000000000000             0.00100000000000000002             0.18049996107583865523             0.01499999999999999944             2.00000000000000000000           819.50000000000000000000             0.00100000000000000002
             1.00000000000000000000             1.00000000000000000000             0.00100000000000000002             0.17949996102834120393             0.01499999999999999944             2.00000000000000000000           820.50000000000000000000             0.00100000000000000002
             1.00000000000000000000             1.00000000000000000000             0.00100000000000000002             0.17849996098084375262             0.01499999999999999944             2.00000000000000000000           821.50000000000000000000             0.00100000000000000002
             1.00000000000000000000             1.00000000000000000000             0.00100000000000000002             0.17749996093334630132             0.01499999999999999944             2.00000000000000000000           822.50000000000000000000             0.00100000000000000002
             1.00000000000000000000             1.00000000000000000000             0.00100000000000000002             0.17649996088584885001             0.01499999999999999944             2.00000000000000000000           823.50000000000000000000             0.00100000000000000002
             1.00000000000000000000             1.00000000000000000000             0.00100000000000000002             0.17549996083835139871             0.01499999999999999944             2.00000000000000000000           824.50000000000000000000             0.00100000000000000002
             1.00000000000000000000             1.00000000000000000000             0.00100000000000000002             0.17449996079085394740             0.01499999999999999944             2.00000000000000000000           825.50000000000000000000             0.00100000000000000002
             1.00000000000000000000             1.00000000000000000000             0.00100000000000000002             0.17349996074335649610             0.01499999999999999944             2.00000000000000000000           826.50000000000000000000             0.00100000000000000002
             1.00000000000000000000             1.00000000000000000000             0.00100000000000000002             0.17249996069585904479             0.01499999999999999944             2.00000000000000000000           827.50000000000000000000             0.00100000000000000002
             1.00000000000000000000             1.00000000000000000000             0.00100000000000000002             0.17149996064836159348             0.01499999999999999944             2.00000000000000000000           828.50000000000000000000             0.00100000000000000002
             1.00000000000000000000             1.00000000000000000000             0.00100000000000000002             0.17049996060086414218             0.01499999999999999944             2.00000000000000000000           829.50000000000000000000             0.00100000000000000002
             1.00000000000000000000             1.00000000000000000000             0.00100000000000000002             0.16949996055336669087             0.01499999999999999944             2.00000000000000000000           830.50000000000000000000             0.00100000000000000002
             1.00000000000000000000             1.00000000000000000000             0.00100000000000000002             0.16849996050586923957             0.01499999999999999944             2.00000000000000000000           831.50000000000000000000             0.00100000000000000002
             1.00000000000000000000             1.00000000000000000000             0.00100000000000000002             0.16749996045837178826             0.01499999999999999944             2.00000000000000000000           832.50000000000000000000             0.00100000000000000002
             1.00000000000000000000             1.00000000000000000000             0.00100000000000000002             0.16649996041087433696             0.01499999999999999944             2.00000000000000000000           833.50000000000000000000             0.00100000000000000002
             1.00000000000000000000             1.00000000000000000000             0.00100000000000000002             0.16549996036337688565             0.01499999999999999944             2.00000000000000000000           834.50000000000000000000             0.00100000000000000002
             1.00000000000000000000             1.00000000000000000000             0.00100000000000000002             0.16449996031587943435             0.01499999999999999944             2.00000000000000000000           835.50000000000000000000             0.00100000000000000002
             1.00000000000000000000             1.00000000000000000000             0.00100000000000000002             0.16349996026838198304             0.01499999999999999944             2.00000000000000000000           836.50000000000000000000             0.00100000000000000002
             1.00000000000000000000             1.00000000000000000000             0.00100000000000000002             0.16249996022088453174             0.01499999999999999944             2.00000000000000000000           837.50000000000000000000             0.00100000000000000002
             1.00000000000000000000             1.00000000000000000000             0.00100000000000000002             0.16149996017338708043             0.01499999999999999944             2.00000000000000000000           838.50000000000000000000             0.00100000000000000002
             1.00000000000000000000             1.00000000000000000000             0.00100000000000000002             0.16049996012588962913             0.01499999999999999944             2.00000000000000000000           839.50000000000000000000             0.00100000000000000002
             1.00000000000000000000             1.00000000000000000000             0.00100000000000000002             0.15949996007839217782             0.01499999999999999944             2.00000000000000000000           840.50000000000000000000             0.00100000000000000002
             1.00000000000000000000             1.00000000000000000000             0.00100000000000000002             0.15849996003089472651             0.01499999999999999944             2.00000000000000000000           841.50000000000000000000             0.00100000000000000002
             1.00000000000000000000             1.00000000000000000000             0.00100000000000000002             0.15749995998339727521             0.01499999999999999944             2.00000000000000000000           842.50000000000000000000             0.00100000000000000002
             1.00000000000000000000             1.00000000000000000000             0.00100000000000000002             0.15649995993589982390             0.01499999999999999944             2.00000000000000000000           843.50000000000000000000             0.00100000000000000002
             1.00000000000000000000             1.00000000000000000000             0.00100000000000000002             0.15549995988840237260             0.01499999999999999944             2.00000000000000000000           844.50000000000000000000             0.00100000000000000002
             1.00000000000000000000             1.00000000000000000000             0.00100000000000000002             0.15449995984090492129             0.01499999999999999944             2.00000000000000000000           845.50000000000000000000             0.00100000000000000002
             1.00000000000000000000             1.00000000000000000000             0.00100000000000000002             0.15349995979340746999             0.01499999999999999944             2.00000000000000000000           846.50000000000000000000             0.00100000000000000002
             1.00000000000000000000             1.00000000000000000000             0.00100000000000000002             0.15249995974591001868             0.01499999999999999944             2.00000000000000000000           847.50000000000000000000             0.00100000000000000002
             1.00000000000000000000             1.00000000000000000000             0.00100000000000000002             0.15149995969841256738             0.01499999999999999944             2.00000000000000000000           848.50000000000000000000             0.00100000000000000002
             1.00000000000000000000             1.00000000000000000000             0.00100000000000000002             0.15049995965091511607             0.01499999999999999944             2.00000000000000000000           849.50000000000000000000             0.00100000000000000002
             1.00000000000000000000             1.00000000000000000000             0.00100000000000000002             0.14949995960341766477             0.01499999999999999944             2.00000000000000000000           850.50000000000000000000             0.00100000000000000002
             1.00000000000000000000             1.00000000000000000000             0.00100000000000000002             0.14849995955592021346             0.01499999999999999944             2.00000000000000000000           851.50000000000000000000             0.00100000000000000002
             1.00000000000000000000             1.00000000000000000000             0.00100000000000000002             0.14749995950842276216             0.01499999999999999944             2.00000000000000000000           852.50000000000000000000             0.00100000000000000002
             1.00000000000000000000             1.00000000000000000000             0.00100000000000000002             0.14649995946092531085             0.01499999999999999944             2.00000000000000000000           853.50000000000000000000             0.00100000000000000002
             1.00000000000000000000             1.00000000000000000000             0.00100000000000000002             0.14549995941342785954             0.01499999999999999944             2.00000000000000000000           854.50000000000000000000             0.00100000000000000002
             1.00000000000000000000             1.00000000000000000000             0.00100000000000000002             0.14449995936593040824             0.01499999999999999944             2.00000000000000000000           855.50000000000000000000             0.00100000000000000002
             1.00000000000000000000             1.00000000000000000000             0.00100000000000000002             0.14349995931843295693             0.01499999999999999944             2.00000000000000000000           856.50000000000000000000             0.00100000000000000002
             1.00000000000000000000             1.00000000000000000000             0.00100000000000000002             0.14249995927093550563             0.01499999999999999944             2.00000000000000000000           857.50000000000000000000             0.00100000000000000002
             1.00000000000000000000             1.00000000000000000000             0.00100000000000000002             0.14149995922343805432             0.01499999999999999944             2.00000000000000000000           858.50000000000000000000             0.00100000000000000002
             1.00000000000000000000             1.00000000000000000000             0.00100000000000000002             0.14049995917594060302             0.01499999999999999944             2.00000000000000000000           859.50000000000000000000             0.00100000000000000002
             1.00000000000000000000             1.00000000000000000000             0.00100000000000000002             0.13949995912844315171             0.01499999999999999944             2.00000000000000000000           860.50000000000000000000             0.00100000000000000002
             1.00000000000000000000             1.00000000000000000000             0.00100000000000000002             0.13849995908094570041             0.01499999999999999944             2.00000000000000000000           861.50000000000000000000             0.00100000000000000002
             1.00000000000000000000             1.00000000000000000000             0.00100000000000000002             0.13749995903344824910             0.01499999999999999944             2.00000000000000000000           862.50000000000000000000             0.00100000000000000002
             1.00000000000000000000             1.00000000000000000000             0.00100000000000000002             0.13649995898595079780             0.01499999999999999944             2.00000000000000000000           863.50000000000000000000             0.00100000000000000002
             1.00000000000000000000             1.00000000000000000000             0.00100000000000000002             0.13549995893845334649             0.01499999999999999944             2.00000000000000000000           864.50000000000000000000             0.00100000000000000002
             1.00000000000000000000             1.00000000000000000000             0.00100000000000000002             0.13449995889095589519             0.01499999999999999944             2.00000000000000000000           865.50000000000000000000             0.00100000000000000002
             1.00000000000000000000             1.00000000000000000000             0.00100000000000000002             0.13349995884345844388             0.01499999999999999944             2.00000000000000000000           866.50000000000000000000             0.00100000000000000002
             1.00000000000000000000             1.00000000000000000000             0.00100000000000000002             0.13249995879596099257             0.01499999999999999944             2.00000000000000000000           867.50000000000000000000             0.00100000000000000002
             1.00000000000000000000             1.00000000000000000000             0.00100000000000000002             0.13149995874846354127             0.01499999999999999944             2.00000000000000000000           868.50000000000000000000             0.00100000000000000002
             1.00000000000000000000             1.00000000000000000000             0.00100000000000000002             0.13049995870096608996             0.01499999999999999944             2.00000000000000000000           869.50000000000000000000             0.00100000000000000002
             1.00000000000000000000             1.00000000000000000000             0.00100000000000000002             0.12949995865346863866             0.01499999999999999944             2.00000000000000000000           870.50000000000000000000             0.00100000000000000002
             1.00000000000000000000             1.00000000000000000000             0.00100000000000000002             0.12849995860597118735             0.01499999999999999944             2.00000000000000000000           871.50000000000000000000             0.00100000000000000002
             1.00000000000000000000             1.00000000000000000000             0.00100000000000000002             0.12749995855847373605             0.01499999999999999944             2.00000000000000000000           872.50000000000000000000             0.00100000000000000002
             1.00000000000000000000             1.00000000000000000000             0.00100000000000000002             0.12649995851097628474             0.01499999999999999944             2.00000000000000000000           873.50000000000000000000             0.00100000000000000002
             1.00000000000000000000             1.00000000000000000000             0.00100000000000000002             0.12549995846347883344             0.01499999999999999944             2.00000000000000000000           874.50000000000000000000             0.00100000000000000002
             0.00100000000000000002
