                    125
             1.00000000000000000000             1.00000000000000000000             0.00100000000000000002             0.87449999403906986117             0.01499999999999999944             2.00000000000000000000           125.50000000000000000000             0.00100000000000000002
             1.00000000000000000000             1.00000000000000000000             0.00100000000000000002             0.87349999399157240987             0.01499999999999999944             2.00000000000000000000           126.50000000000000000000             0.00100000000000000002
             1.00000000000000000000             1.00000000000000000000             0.00100000000000000002             0.87249999394407495856             0.01499999999999999944             2.00000000000000000000           127.50000000000000000000             0.00100000000000000002
             1.00000000000000000000             1.00000000000000000000             0.00100000000000000002             0.87149999389657750726             0.01499999999999999944             2.00000000000000000000           128.50000000000000000000             0.00100000000000000002
             1.00000000000000000000             1.00000000000000000000             0.00100000000000000002             0.87049999384908005595             0.01499999999999999944             2.00000000000000000000           129.50000000000000000000             0.00100000000000000002
             1.00000000000000000000             1.00000000000000000000             0.00100000000000000002             0.86949999380158260465             0.01499999999999999944             2.00000000000000000000           130.50000000000000000000             0.00100000000000000002
             1.00000000000000000000             1.00000000000000000000             0.00100000000000000002             0.86849999375408515334             0.01499999999999999944             2.00000000000000000000           131.50000000000000000000             0.00100000000000000002
             1.00000000000000000000             1.00000000000000000000             0.00100000000000000002             0.86749999370658770204             0.01499999999999999944             2.00000000000000000000           132.50000000000000000000             0.00100000000000000002
             1.00000000000000000000             1.00000000000000000000             0.00100000000000000002             0.86649999365909025073             0.01499999999999999944             2.00000000000000000000           133.50000000000000000000             0.00100000000000000002
             1.00000000000000000000             1.00000000000000000000             0.00100000000000000002             0.86549999361159279943             0.01499999999999999944             2.00000000000000000000           134.50000000000000000000             0.00100000000000000002
             1.00000000000000000000             1.00000000000000000000             0.00100000000000000002             0.86449999356409534812             0.01499999999999999944             2.00000000000000000000           135.50000000000000000000             0.00100000000000000002
             1.00000000000000000000             1.00000000000000000000             0.00100000000000000002             0.86349999351659789681             0.01499999999999999944             2.00000000000000000000           136.50000000000000000000             0.00100000000000000002
             1.00000000000000000000             1.00000000000000000000             0.00100000000000000002             0.86249999346910044551             0.01499999999999999944             2.00000000000000000000           137.50000000000000000000             0.00100000000000000002
             1.00000000000000000000             1.00000000000000000000             0.00100000000000000002             0.86149999342160299420             0.01499999999999999944             2.00000000000000000000           138.50000000000000000000             0.00100000000000000002
             1.00000000000000000000             1.00000000000000000000             0.00100000000000000002             0.86049999337410554290             0.01499999999999999944             2.00000000000000000000           139.50000000000000000000             0.00100000000000000002
             1.00000000000000000000             1.00000000000000000000             0.00100000000000000002             0.85949999332660809159             0.01499999999999999944             2.00000000000000000000           140.50000000000000000000             0.00100000000000000002
             1.00000000000000000000             1.00000000000000000000             0.00100000000000000002             0.85849999327911064029             0.01499999999999999944             2.00000000000000000000           141.50000000000000000000             0.00100000000000000002
             1.00000000000000000000             1.00000000000000000000             0.00100000000000000002             0.85749999323161318898             0.01499999999999999944             2.00000000000000000000           142.50000000000000000000             0.00100000000000000002
             1.00000000000000000000             1.00000000000000000000             0.00100000000000000002             0.85649999318411573768             0.01499999999999999944             2.00000000000000000000           143.50000000000000000000             0.00100000000000000002
             1.00000000000000000000             1.00000000000000000000             0.00100000000000000002             0.85549999313661828637             0.01499999999999999944             2.00000000000000000000           144.50000000000000000000             0.00100000000000000002
             1.00000000000000000000             1.00000000000000000000             0.00100000000000000002             0.85449999308912083507             0.01499999999999999944             2.00000000000000000000           145.50000000000000000000             0.00100000000000000002
             1.00000000000000000000             1.00000000000000000000             0.00100000000000000002             0.85349999304162338376             0.01499999999999999944             2.00000000000000000000           146.50000000000000000000             0.00100000000000000002
             1.00000000000000000000             1.00000000000000000000             0.00100000000000000002             0.85249999299412593246             0.01499999999999999944             2.00000000000000000000           147.50000000000000000000             0.00100000000000000002
             1.00000000000000000000             1.00000000000000000000             0.00100000000000000002             0.85149999294662848115             0.01499999999999999944             2.00000000000000000000           148.50000000000000000000             0.00100000000000000002
             1.00000000000000000000             1.00000000000000000000             0.00100000000000000002             0.85049999289913102984             0.01499999999999999944             2.00000000000000000000           149.50000000000000000000             0.00100000000000000002
             1.00000000000000000000             1.00000000000000000000             0.00100000000000000002             0.84949999285163357854             0.01499999999999999944             2.00000000000000000000           150.50000000000000000000             0.00100000000000000002
             1.00000000000000000000             1.00000000000000000000             0.00100000000000000002             0.84849999280413612723             0.01499999999999999944             2.00000000000000000000           151.50000000000000000000             0.00100000000000000002
             1.00000000000000000000             1.00000000000000000000             0.00100000000000000002             0.84749999275663867593             0.01499999999999999944             2.00000000000000000000           152.50000000000000000000             0.00100000000000000002
             1.00000000000000000000             1.00000000000000000000             0.00100000000000000002             0.84649999270914122462             0.01499999999999999944             2.00000000000000000000           153.50000000000000000000             0.00100000000000000002
             1.00000000000000000000             1.00000000000000000000             0.00100000000000000002             0.84549999266164377332             0.01499999999999999944             2.00000000000000000000           154.50000000000000000000             0.00100000000000000002
             1.00000000000000000000             1.00000000000000000000             0.00100000000000000002             0.84449999261414632201             0.01499999999999999944             2.00000000000000000000           155.50000000000000000000             0.00100000000000000002
             1.00000000000000000000             1.00000000000000000000             0.00100000000000000002             0.84349999256664887071             0.01499999999999999944             2.00000000000000000000           156.50000000000000000000             0.00100000000000000002
             1.00000000000000000000             1.00000000000000000000             0.00100000000000000002             0.84249999251915141940             0.01499999999999999944             2.00000000000000000000           157.50000000000000000000             0.00100000000000000002
             1.00000000000000000000             1.00000000000000000000             0.00100000000000000002             0.84149999247165396810             0.01499999999999999944             2.00000000000000000000           158.50000000000000000000             0.00100000000000000002
             1.00000000000000000000             1.00000000000000000000             0.00100000000000000002             0.84049999242415651679             0.01499999999999999944             2.00000000000000000000           159.50000000000000000000             0.00100000000000000002
             1.00000000000000000000             1.00000000000000000000             0.00100000000000000002             0.83949999237665906549             0.01499999999999999944             2.00000000000000000000           160.50000000000000000000             0.00100000000000000002
             1.00000000000000000000             1.00000000000000000000             0.00100000000000000002             0.83849999232916161418             0.01499999999999999944             2.00000000000000000000           161.50000000000000000000             0.00100000000000000002
             1.00000000000000000000             1.00000000000000000000             0.00100000000000000002             0.83749999228166416287             0.01499999999999999944             2.00000000000000000000           162.50000000000000000000             0.00100000000000000002
             1.00000000000000000000             1.00000000000000000000             0.00100000000000000002             0.83649999223416671157             0.01499999999999999944             2.00000000000000000000           163.50000000000000000000             0.00100000000000000002
             1.00000000000000000000             1.00000000000000000000             0.00100000000000000002             0.83549999218666926026             0.01499999999999999944             2.00000000000000000000           164.50000000000000000000             0.00100000000000000002
             1.00000000000000000000             1.00000000000000000000             0.00100000000000000002             0.83449999213917180896             0.01499999999999999944             2.00000000000000000000           165.50000000000000000000             0.00100000000000000002
             1.00000000000000000000             1.00000000000000000000             0.00100000000000000002             0.83349999209167435765             0.01499999999999999944             2.00000000000000000000           166.50000000000000000000             0.00100000000000000002
             1.00000000000000000000             1.00000000000000000000             0.00100000000000000002             0.83249999204417690635             0.01499999999999999944             2.00000000000000000000           167.50000000000000000000             0.00100000000000000002
             1.00000000000000000000             1.00000000000000000000             0.00100000000000000002             0.83149999199667945504             0.01499999999999999944             2.00000000000000000000           168.50000000000000000000             0.00100000000000000002
             1.00000000000000000000             1.00000000000000000000             0.00100000000000000002             0.83049999194918200374             0.01499999999999999944             2.00000000000000000000           169.50000000000000000000             0.00100000000000000002
             1.00000000000000000000             1.00000000000000000000             0.00100000000000000002             0.82949999190168455243             0.01499999999999999944             2.00000000000000000000           170.50000000000000000000             0.00100000000000000002
             1.00000000000000000000             1.00000000000000000000             0.00100000000000000002             0.82849999185418710113             0.01499999999999999944             2.00000000000000000000           171.50000000000000000000             0.00100000000000000002
             1.00000000000000000000             1.00000000000000000000             0.00100000000000000002             0.82749999180668964982             0.01499999999999999944             2.00000000000000000000           172.50000000000000000000             0.00100000000000000002
             1.00000000000000000000             1.00000000000000000000             0.00100000000000000002             0.82649999175919219851             0.01499999999999999944             2.00000000000000000000           173.50000000000000000000             0.00100000000000000002
             1.00000000000000000000             1.00000000000000000000             0.00100000000000000002             0.82549999171169474721             0.01499999999999999944             2.00000000000000000000           174.50000000000000000000             0.00100000000000000002
             1.00000000000000000000             1.00000000000000000000             0.00100000000000000002             0.82449999166419729590             0.01499999999999999944             2.00000000000000000000           175.50000000000000000000             0.00100000000000000002
             1.00000000000000000000             1.00000000000000000000             0.00100000000000000002             0.82349999161669984460             0.01499999999999999944             2.00000000000000000000           176.50000000000000000000             0.00100000000000000002
             1.00000000000000000000             1.00000000000000000000             0.00100000000000000002             0.82249999156920239329             0.01499999999999999944             2.00000000000000000000           177.50000000000000000000             0.00100000000000000002
             1.00000000000000000000             1.00000000000000000000             0.00100000000000000002             0.82149999152170494199             0.01499999999999999944             2.00000000000000000000           178.50000000000000000000             0.00100000000000000002
             1.00000000000000000000             1.00000000000000000000             0.00100000000000000002             0.82049999147420749068             0.01499999999999999944             2.00000000000000000000           179.50000000000000000000             0.00100000000000000002
             1.00000000000000000000             1.00000000000000000000             0.00100000000000000002             0.81949999142671003938             0.01499999999999999944             2.00000000000000000000           180.50000000000000000000             0.00100000000000000002
             1.00000000000000000000             1.00000000000000000000             0.00100000000000000002             0.81849999137921258807             0.01499999999999999944             2.00000000000000000000           181.50000000000000000000             0.00100000000000000002
             1.00000000000000000000             1.00000000000000000000             0.00100000000000000002             0.81749999133171513677             0.01499999999999999944             2.00000000000000000000           182.50000000000000000000             0.00100000000000000002
             1.00000000000000000000             1.00000000000000000000             0.00100000000000000002             0.81649999128421768546             0.01499999999999999944             2.00000000000000000000           183.50000000000000000000             0.00100000000000000002
             1.00000000000000000000             1.00000000000000000000             0.00100000000000000002             0.81549999123672023416             0.01499999999999999944             2.00000000000000000000           184.50000000000000000000             0.00100000000000000002
             1.00000000000000000000             1.00000000000000000000             0.00100000000000000002             0.81449999118922278285             0.01499999999999999944             2.00000000000000000000           185.50000000000000000000             0.00100000000000000002
             1.00000000000000000000             1.00000000000000000000             0.00100000000000000002             0.81349999114172533154             0.01499999999999999944             2.00000000000000000000           186.50000000000000000000             0.00100000000000000002
             1.00000000000000000000             1.00000000000000000000             0.00100000000000000002             0.81249999109422788024             0.01499999999999999944             2.00000000000000000000           187.50000000000000000000             0.00100000000000000002
             1.00000000000000000000             1.00000000000000000000             0.00100000000000000002             0.81149999104673042893             0.01499999999999999944             2.00000000000000000000           188.50000000000000000000             0.00100000000000000002
             1.00000000000000000000             1.00000000000000000000             0.00100000000000000002             0.81049999099923297763             0.01499999999999999944             2.00000000000000000000           189.50000000000000000000             0.00100000000000000002
             1.00000000000000000000             1.00000000000000000000             0.00100000000000000002             0.80949999095173552632             0.01499999999999999944             2.00000000000000000000           190.50000000000000000000             0.00100000000000000002
             1.00000000000000000000             1.00000000000000000000             0.00100000000000000002             0.80849999090423807502             0.01499999999999999944             2.00000000000000000000           191.50000000000000000000             0.00100000000000000002
             1.00000000000000000000             1.00000000000000000000             0.00100000000000000002             0.80749999085674062371             0.01499999999999999944             2.00000000000000000000           192.50000000000000000000             0.00100000000000000002
             1.00000000000000000000             1.00000000000000000000             0.00100000000000000002             0.80649999080924317241             0.01499999999999999944             2.00000000000000000000           193.50000000000000000000             0.00100000000000000002
             1.00000000000000000000             1.00000000000000000000             0.00100000000000000002             0.80549999076174572110             0.01499999999999999944             2.00000000000000000000           194.50000000000000000000             0.00100000000000000002
             1.00000000000000000000             1.00000000000000000000             0.00100000000000000002             0.80449999071424826980             0.01499999999999999944             2.00000000000000000000           195.50000000000000000000             0.00100000000000000002
             1.00000000000000000000             1.00000000000000000000             0.00100000000000000002             0.80349999066675081849             0.01499999999999999944             2.00000000000000000000           196.50000000000000000000             0.00100000000000000002
             1.00000000000000000000             1.00000000000000000000             0.00100000000000000002             0.80249999061925336719             0.01499999999999999944             2.00000000000000000000           197.50000000000000000000             0.00100000000000000002
             1.00000000000000000000             1.00000000000000000000             0.00100000000000000002             0.80149999057175591588             0.01499999999999999944             2.00000000000000000000           198.50000000000000000000             0.00100000000000000002
             1.00000000000000000000             1.00000000000000000000             0.00100000000000000002             0.80049999052425846457             0.01499999999999999944             2.00000000000000000000           199.50000000000000000000             0.00100000000000000002
             1.00000000000000000000             1.00000000000000000000             0.00100000000000000002             0.79949999047676101327             0.01499999999999999944             2.00000000000000000000           200.50000000000000000000             0.00100000000000000002
             1.00000000000000000000             1.00000000000000000000             0.00100000000000000002             0.79849999042926356196             0.01499999999999999944             2.00000000000000000000           201.50000000000000000000             0.00100000000000000002
             1.00000000000000000000             1.00000000000000000000             0.00100000000000000002             0.79749999038176611066             0.01499999999999999944             2.00000000000000000000           202.50000000000000000000             0.00100000000000000002
             1.00000000000000000000             1.00000000000000000000             0.00100000000000000002             0.79649999033426865935             0.01499999999999999944             2.00000000000000000000           203.50000000000000000000             0.00100000000000000002
             1.00000000000000000000             1.00000000000000000000             0.00100000000000000002             0.79549999028677120805             0.01499999999999999944             2.00000000000000000000           204.50000000000000000000             0.00100000000000000002
             1.00000000000000000000             1.00000000000000000000             0.00100000000000000002             0.79449999023927375674             0.01499999999999999944             2.00000000000000000000           205.50000000000000000000             0.00100000000000000002
             1.00000000000000000000             1.00000000000000000000             0.00100000000000000002             0.79349999019177630544             0.01499999999999999944             2.00000000000000000000           206.50000000000000000000             0.00100000000000000002
             1.00000000000000000000             1.00000000000000000000             0.00100000000000000002             0.79249999014427885413             0.01499999999999999944             2.00000000000000000000           207.50000000000000000000             0.00100000000000000002
             1.00000000000000000000             1.00000000000000000000             0.00100000000000000002             0.79149999009678140283             0.01499999999999999944             2.00000000000000000000           208.50000000000000000000             0.00100000000000000002
             1.00000000000000000000             1.00000000000000000000             0.00100000000000000002             0.79049999004928395152             0.01499999999999999944             2.00000000000000000000           209.50000000000000000000             0.00100000000000000002
             1.00000000000000000000             1.00000000000000000000             0.00100000000000000002             0.78949999000178650022             0.01499999999999999944             2.00000000000000000000           210.50000000000000000000             0.00100000000000000002
             1.00000000000000000000             1.00000000000000000000             0.00100000000000000002             0.78849998995428904891             0.01499999999999999944             2.00000000000000000000           211.50000000000000000000             0.00100000000000000002
             1.00000000000000000000             1.00000000000000000000             0.00100000000000000002             0.78749998990679159760             0.01499999999999999944             2.00000000000000000000           212.50000000000000000000             0.00100000000000000002
             1.00000000000000000000             1.00000000000000000000             0.00100000000000000002             0.78649998985929414630             0.01499999999999999944             2.00000000000000000000           213.50000000000000000000             0.00100000000000000002
             1.00000000000000000000             1.00000000000000000000             0.00100000000000000002             0.78549998981179669499             0.01499999999999999944             2.00000000000000000000           214.50000000000000000000             0.00100000000000000002
             1.00000000000000000000             1.00000000000000000000             0.00100000000000000002             0.78449998976429924369             0.01499999999999999944             2.00000000000000000000           215.50000000000000000000             0.00100000000000000002
             1.00000000000000000000             1.00000000000000000000             0.00100000000000000002             0.78349998971680179238             0.01499999999999999944             2.00000000000000000000           216.50000000000000000000             0.00100000000000000002
             1.00000000000000000000             1.00000000000000000000             0.00100000000000000002             0.78249998966930434108             0.01499999999999999944             2.00000000000000000000           217.50000000000000000000             0.00100000000000000002
             1.00000000000000000000             1.00000000000000000000             0.00100000000000000002             0.78149998962180688977             0.01499999999999999944             2.00000000000000000000           218.50000000000000000000             0.00100000000000000002
             1.00000000000000000000             1.00000000000000000000             0.00100000000000000002             0.78049998957430943847             0.01499999999999999944             2.00000000000000000000           219.50000000000000000000             0.00100000000000000002
             1.00000000000000000000             1.00000000000000000000             0.00100000000000000002             0.77949998952681198716             0.01499999999999999944             2.00000000000000000000           220.50000000000000000000             0.00100000000000000002
             1.00000000000000000000             1.00000000000000000000             0.00100000000000000002             0.77849998947931453586             0.01499999999999999944             2.00000000000000000000           221.50000000000000000000             0.00100000000000000002
             1.00000000000000000000             1.00000000000000000000             0.00100000000000000002             0.77749998943181708455             0.01499999999999999944             2.00000000000000000000           222.50000000000000000000             0.00100000000000000002
             1.00000000000000000000             1.00000000000000000000             0.00100000000000000002             0.77649998938431963325             0.01499999999999999944             2.00000000000000000000           223.50000000000000000000             0.00100000000000000002
             1.00000000000000000000             1.00000000000000000000             0.00100000000000000002             0.77549998933682218194             0.01499999999999999944             2.00000000000000000000           224.50000000000000000000             0.00100000000000000002
             1.00000000000000000000             1.00000000000000000000             0.00100000000000000002             0.77449998928932473063             0.01499999999999999944             2.00000000000000000000           225.50000000000000000000             0.00100000000000000002
             1.00000000000000000000             1.00000000000000000000             0.00100000000000000002             0.77349998924182727933             0.01499999999999999944             2.00000000000000000000           226.50000000000000000000             0.00100000000000000002
             1.00000000000000000000             1.00000000000000000000             0.00100000000000000002             0.77249998919432982802             0.01499999999999999944             2.00000000000000000000           227.50000000000000000000             0.00100000000000000002
             1.00000000000000000000             1.00000000000000000000             0.00100000000000000002             0.77149998914683237672             0.01499999999999999944             2.00000000000000000000           228.50000000000000000000             0.00100000000000000002
             1.00000000000000000000             1.00000000000000000000             0.00100000000000000002             0.77049998909933492541             0.01499999999999999944             2.00000000000000000000           229.50000000000000000000             0.00100000000000000002
             1.00000000000000000000             1.00000000000000000000             0.00100000000000000002             0.76949998905183747411             0.01499999999999999944             2.00000000000000000000           230.50000000000000000000             0.00100000000000000002
             1.00000000000000000000             1.00000000000000000000             0.00100000000000000002             0.76849998900434002280             0.01499999999999999944             2.00000000000000000000           231.50000000000000000000             0.00100000000000000002
             1.00000000000000000000             1.00000000000000000000             0.00100000000000000002             0.76749998895684257150             0.01499999999999999944             2.00000000000000000000           232.50000000000000000000             0.00100000000000000002
             1.00000000000000000000             1.00000000000000000000             0.00100000000000000002             0.76649998890934512019             0.01499999999999999944             2.00000000000000000000           233.50000000000000000000             0.00100000000000000002
             1.00000000000000000000             1.00000000000000000000             0.00100000000000000002             0.76549998886184766889             0.01499999999999999944             2.00000000000000000000           234.50000000000000000000             0.00100000000000000002
             1.00000000000000000000             1.00000000000000000000             0.00100000000000000002             0.76449998881435021758             0.01499999999999999944             2.00000000000000000000           235.50000000000000000000             0.00100000000000000002
             1.00000000000000000000             1.00000000000000000000             0.00100000000000000002             0.76349998876685276628             0.01499999999999999944             2.00000000000000000000           236.50000000000000000000             0.00100000000000000002
             1.00000000000000000000             1.00000000000000000000             0.00100000000000000002             0.76249998871935531497             0.01499999999999999944             2.00000000000000000000           237.50000000000000000000             0.00100000000000000002
             1.00000000000000000000             1.00000000000000000000             0.00100000000000000002             0.76149998867185786366             0.01499999999999999944             2.00000000000000000000           238.50000000000000000000             0.00100000000000000002
             1.00000000000000000000             1.00000000000000000000             0.00100000000000000002             0.76049998862436041236             0.01499999999999999944             2.00000000000000000000           239.50000000000000000000             0.00100000000000000002
             1.00000000000000000000             1.00000000000000000000             0.00100000000000000002             0.75949998857686296105             0.01499999999999999944             2.00000000000000000000           240.50000000000000000000             0.00100000000000000002
             1.00000000000000000000             1.00000000000000000000             0.00100000000000000002             0.75849998852936550975             0.01499999999999999944             2.00000000000000000000           241.50000000000000000000             0.00100000000000000002
             1.00000000000000000000             1.00000000000000000000             0.00100000000000000002             0.75749998848186805844             0.01499999999999999944             2.00000000000000000000           242.50000000000000000000             0.00100000000000000002
             1.00000000000000000000             1.00000000000000000000             0.00100000000000000002             0.75649998843437060714             0.01499999999999999944             2.00000000000000000000           243.50000000000000000000             0.00100000000000000002
             1.00000000000000000000             1.00000000000000000000             0.00100000000000000002             0.75549998838687315583             0.01499999999999999944             2.00000000000000000000           244.50000000000000000000             0.00100000000000000002
             1.00000000000000000000             1.00000000000000000000             0.00100000000000000002             0.75449998833937570453             0.01499999999999999944             2.00000000000000000000           245.50000000000000000000             0.00100000000000000002
             1.00000000000000000000             1.00000000000000000000             0.00100000000000000002             0.75349998829187825322             0.01499999999999999944             2.00000000000000000000           246.50000000000000000000             0.00100000000000000002
             1.00000000000000000000             1.00000000000000000000             0.00100000000000000002             0.75249998824438080192             0.01499999999999999944             2.00000000000000000000           247.50000000000000000000             0.00100000000000000002
             1.00000000000000000000             1.00000000000000000000             0.00100000000000000002             0.75149998819688335061             0.01499999999999999944             2.00000000000000000000           248.50000000000000000000             0.00100000000000000002
             1.00000000000000000000             1.00000000000000000000             0.00100000000000000002             0.75049998814938589931             0.01499999999999999944             2.00000000000000000000           249.50000000000000000000             0.00100000000000000002
             0.00100000000000000002
