                    125
             1.00000000000000000000             1.00000000000000000000             0.00100000000000000002             0.49949997622752562165             0.01499999999999999944             2.00000000000000000000           500.50000000000000000000             0.00100000000000000002
             1.00000000000000000000             1.00000000000000000000             0.00100000000000000002             0.49849997618002817035             0.01499999999999999944             2.00000000000000000000           501.50000000000000000000             0.00100000000000000002
             1.00000000000000000000             1.00000000000000000000             0.00100000000000000002             0.49749997613253071904             0.01499999999999999944             2.00000000000000000000           502.50000000000000000000             0.00100000000000000002
             1.00000000000000000000             1.00000000000000000000             0.00100000000000000002             0.49649997608503326774             0.01499999999999999944             2.00000000000000000000           503.50000000000000000000             0.00100000000000000002
             1.00000000000000000000             1.00000000000000000000             0.00100000000000000002             0.49549997603753581643             0.01499999999999999944             2.00000000000000000000           504.50000000000000000000             0.00100000000000000002
             1.00000000000000000000             1.00000000000000000000             0.00100000000000000002             0.49449997599003836513             0.01499999999999999944             2.00000000000000000000           505.50000000000000000000             0.00100000000000000002
             1.00000000000000000000             1.00000000000000000000             0.00100000000000000002             0.49349997594254091382             0.01499999999999999944             2.00000000000000000000           506.50000000000000000000             0.00100000000000000002
             1.00000000000000000000             1.00000000000000000000             0.00100000000000000002             0.49249997589504346251             0.01499999999999999944             2.00000000000000000000           507.50000000000000000000             0.00100000000000000002
             1.00000000000000000000             1.00000000000000000000             0.00100000000000000002             0.49149997584754601121             0.01499999999999999944             2.00000000000000000000           508.50000000000000000000             0.00100000000000000002
             1.00000000000000000000             1.00000000000000000000             0.00100000000000000002             0.49049997580004855990             0.01499999999999999944             2.00000000000000000000           509.50000000000000000000             0.00100000000000000002
             1.00000000000000000000             1.00000000000000000000             0.00100000000000000002             0.48949997575255110860             0.01499999999999999944             2.00000000000000000000           510.50000000000000000000             0.00100000000000000002
             1.00000000000000000000             1.00000000000000000000             0.00100000000000000002             0.48849997570505365729             0.01499999999999999944             2.00000000000000000000           511.50000000000000000000             0.00100000000000000002
             1.00000000000000000000             1.00000000000000000000             0.00100000000000000002             0.48749997565755620599             0.01499999999999999944             2.00000000000000000000           512.50000000000000000000             0.00100000000000000002
             1.00000000000000000000             1.00000000000000000000             0.00100000000000000002             0.48649997561005875468             0.01499999999999999944             2.00000000000000000000           513.50000000000000000000             0.00100000000000000002
             1.00000000000000000000             1.00000000000000000000             0.00100000000000000002             0.48549997556256130338             0.01499999999999999944             2.00000000000000000000           514.50000000000000000000             0.00100000000000000002
             1.00000000000000000000             1.00000000000000000000             0.00100000000000000002             0.48449997551506385207             0.01499999999999999944             2.00000000000000000000           515.50000000000000000000             0.00100000000000000002
             1.00000000000000000000             1.00000000000000000000             0.00100000000000000002             0.48349997546756640077             0.01499999999999999944             2.00000000000000000000           516.50000000000000000000             0.00100000000000000002
             1.00000000000000000000             1.00000000000000000000             0.00100000000000000002             0.48249997542006894946             0.01499999999999999944             2.00000000000000000000           517.50000000000000000000             0.00100000000000000002
             1.00000000000000000000             1.00000000000000000000             0.00100000000000000002             0.48149997537257149816             0.01499999999999999944             2.00000000000000000000           518.50000000000000000000             0.00100000000000000002
             1.00000000000000000000             1.00000000000000000000             0.00100000000000000002             0.48049997532507404685             0.01499999999999999944             2.00000000000000000000           519.50000000000000000000             0.00100000000000000002
             1.00000000000000000000             1.00000000000000000000             0.00100000000000000002             0.47949997527757659554             0.01499999999999999944             2.00000000000000000000           520.50000000000000000000             0.00100000000000000002
             1.00000000000000000000             1.00000000000000000000             0.00100000000000000002             0.47849997523007914424             0.01499999999999999944             2.00000000000000000000           521.50000000000000000000             0.00100000000000000002
             1.00000000000000000000             1.00000000000000000000             0.00100000000000000002             0.47749997518258169293             0.01499999999999999944             2.00000000000000000000           522.50000000000000000000             0.00100000000000000002
             1.00000000000000000000             1.00000000000000000000             0.00100000000000000002             0.47649997513508424163             0.01499999999999999944             2.00000000000000000000           523.50000000000000000000             0.00100000000000000002
             1.00000000000000000000             1.00000000000000000000             0.00100000000000000002             0.47549997508758679032             0.01499999999999999944             2.00000000000000000000           524.50000000000000000000             0.00100000000000000002
             1.00000000000000000000             1.00000000000000000000             0.00100000000000000002             0.47449997504008933902             0.01499999999999999944             2.00000000000000000000           525.50000000000000000000             0.00100000000000000002
             1.00000000000000000000             1.00000000000000000000             0.00100000000000000002             0.47349997499259188771             0.01499999999999999944             2.00000000000000000000           526.50000000000000000000             0.00100000000000000002
             1.00000000000000000000             1.00000000000000000000             0.00100000000000000002             0.47249997494509443641             0.01499999999999999944             2.00000000000000000000           527.50000000000000000000             0.00100000000000000002
             1.00000000000000000000             1.00000000000000000000             0.00100000000000000002             0.47149997489759698510             0.01499999999999999944             2.00000000000000000000           528.50000000000000000000             0.00100000000000000002
             1.00000000000000000000             1.00000000000000000000             0.00100000000000000002             0.47049997485009953380             0.01499999999999999944             2.00000000000000000000           529.50000000000000000000             0.00100000000000000002
             1.00000000000000000000             1.00000000000000000000             0.00100000000000000002             0.46949997480260208249             0.01499999999999999944             2.00000000000000000000           530.50000000000000000000             0.00100000000000000002
             1.00000000000000000000             1.00000000000000000000             0.00100000000000000002             0.46849997475510463119             0.01499999999999999944             2.00000000000000000000           531.50000000000000000000             0.00100000000000000002
             1.00000000000000000000             1.00000000000000000000             0.00100000000000000002             0.46749997470760717988             0.01499999999999999944             2.00000000000000000000           532.50000000000000000000             0.00100000000000000002
             1.00000000000000000000             1.00000000000000000000             0.00100000000000000002             0.46649997466010972857             0.01499999999999999944             2.00000000000000000000           533.50000000000000000000             0.00100000000000000002
             1.00000000000000000000             1.00000000000000000000             0.00100000000000000002             0.46549997461261227727             0.01499999999999999944             2.00000000000000000000           534.50000000000000000000             0.00100000000000000002
             1.00000000000000000000             1.00000000000000000000             0.00100000000000000002             0.46449997456511482596             0.01499999999999999944             2.00000000000000000000           535.50000000000000000000             0.00100000000000000002
             1.00000000000000000000             1.00000000000000000000             0.00100000000000000002             0.46349997451761737466             0.01499999999999999944             2.00000000000000000000           536.50000000000000000000             0.00100000000000000002
             1.00000000000000000000             1.00000000000000000000             0.00100000000000000002             0.46249997447011992335             0.01499999999999999944             2.00000000000000000000           537.50000000000000000000             0.00100000000000000002
             1.00000000000000000000             1.00000000000000000000             0.00100000000000000002             0.46149997442262247205             0.01499999999999999944             2.00000000000000000000           538.50000000000000000000             0.00100000000000000002
             1.00000000000000000000             1.00000000000000000000             0.00100000000000000002             0.46049997437512502074             0.01499999999999999944             2.00000000000000000000           539.50000000000000000000             0.00100000000000000002
             1.00000000000000000000             1.00000000000000000000             0.00100000000000000002             0.45949997432762756944             0.01499999999999999944             2.00000000000000000000           540.50000000000000000000             0.00100000000000000002
             1.00000000000000000000             1.00000000000000000000             0.00100000000000000002             0.45849997428013011813             0.01499999999999999944             2.00000000000000000000           541.50000000000000000000             0.00100000000000000002
             1.00000000000000000000             1.00000000000000000000             0.00100000000000000002             0.45749997423263266683             0.01499999999999999944             2.00000000000000000000           542.50000000000000000000             0.00100000000000000002
             1.00000000000000000000             1.00000000000000000000             0.00100000000000000002             0.45649997418513521552             0.01499999999999999944             2.00000000000000000000           543.50000000000000000000             0.00100000000000000002
             1.00000000000000000000             1.00000000000000000000             0.00100000000000000002             0.45549997413763776422             0.01499999999999999944             2.00000000000000000000           544.50000000000000000000             0.00100000000000000002
             1.00000000000000000000             1.00000000000000000000             0.00100000000000000002             0.45449997409014031291             0.01499999999999999944             2.00000000000000000000           545.50000000000000000000             0.00100000000000000002
             1.00000000000000000000             1.00000000000000000000             0.00100000000000000002             0.45349997404264286160             0.01499999999999999944             2.00000000000000000000           546.50000000000000000000             0.00100000000000000002
             1.00000000000000000000             1.00000000000000000000             0.00100000000000000002             0.45249997399514541030             0.01499999999999999944             2.00000000000000000000           547.50000000000000000000             0.00100000000000000002
             1.00000000000000000000             1.00000000000000000000             0.00100000000000000002             0.45149997394764795899             0.01499999999999999944             2.00000000000000000000           548.50000000000000000000             0.00100000000000000002
             1.00000000000000000000             1.00000000000000000000             0.00100000000000000002             0.45049997390015050769             0.01499999999999999944             2.00000000000000000000           549.50000000000000000000             0.00100000000000000002
             1.00000000000000000000             1.00000000000000000000             0.00100000000000000002             0.44949997385265305638             0.01499999999999999944             2.00000000000000000000           550.50000000000000000000             0.00100000000000000002
             1.00000000000000000000             1.00000000000000000000             0.00100000000000000002             0.44849997380515560508             0.01499999999999999944             2.00000000000000000000           551.50000000000000000000             0.00100000000000000002
             1.00000000000000000000             1.00000000000000000000             0.00100000000000000002             0.44749997375765815377             0.01499999999999999944             2.00000000000000000000           552.50000000000000000000             0.00100000000000000002
             1.00000000000000000000             1.00000000000000000000             0.00100000000000000002             0.44649997371016070247             0.01499999999999999944             2.00000000000000000000           553.50000000000000000000             0.00100000000000000002
             1.00000000000000000000             1.00000000000000000000             0.00100000000000000002             0.44549997366266325116             0.01499999999999999944             2.00000000000000000000           554.50000000000000000000             0.00100000000000000002
             1.00000000000000000000             1.00000000000000000000             0.00100000000000000002             0.44449997361516579986             0.01499999999999999944             2.00000000000000000000           555.50000000000000000000             0.00100000000000000002
             1.00000000000000000000             1.00000000000000000000             0.00100000000000000002             0.44349997356766834855             0.01499999999999999944             2.00000000000000000000           556.50000000000000000000             0.00100000000000000002
             1.00000000000000000000             1.00000000000000000000             0.00100000000000000002             0.44249997352017089725             0.01499999999999999944             2.00000000000000000000           557.50000000000000000000             0.00100000000000000002
             1.00000000000000000000             1.00000000000000000000             0.00100000000000000002             0.44149997347267344594             0.01499999999999999944             2.00000000000000000000           558.50000000000000000000             0.00100000000000000002
             1.00000000000000000000             1.00000000000000000000             0.00100000000000000002             0.44049997342517599463             0.01499999999999999944             2.00000000000000000000           559.50000000000000000000             0.00100000000000000002
             1.00000000000000000000             1.00000000000000000000             0.00100000000000000002             0.43949997337767854333             0.01499999999999999944             2.00000000000000000000           560.50000000000000000000             0.00100000000000000002
             1.00000000000000000000             1.00000000000000000000             0.00100000000000000002             0.43849997333018109202             0.01499999999999999944             2.00000000000000000000           561.50000000000000000000             0.00100000000000000002
             1.00000000000000000000             1.00000000000000000000             0.00100000000000000002             0.43749997328268364072             0.01499999999999999944             2.00000000000000000000           562.50000000000000000000             0.00100000000000000002
             1.00000000000000000000             1.00000000000000000000             0.00100000000000000002             0.43649997323518618941             0.01499999999999999944             2.00000000000000000000           563.50000000000000000000             0.00100000000000000002
             1.00000000000000000000             1.00000000000000000000             0.00100000000000000002             0.43549997318768873811             0.01499999999999999944             2.00000000000000000000           564.50000000000000000000             0.00100000000000000002
             1.00000000000000000000             1.00000000000000000000             0.00100000000000000002             0.43449997314019128680             0.01499999999999999944             2.00000000000000000000           565.50000000000000000000             0.00100000000000000002
             1.00000000000000000000             1.00000000000000000000             0.00100000000000000002             0.43349997309269383550             0.01499999999999999944             2.00000000000000000000           566.50000000000000000000             0.00100000000000000002
             1.00000000000000000000             1.00000000000000000000             0.00100000000000000002             0.43249997304519638419             0.01499999999999999944             2.00000000000000000000           567.50000000000000000000             0.00100000000000000002
             1.00000000000000000000             1.00000000000000000000             0.00100000000000000002             0.43149997299769893289             0.01499999999999999944             2.00000000000000000000           568.50000000000000000000             0.00100000000000000002
             1.00000000000000000000             1.00000000000000000000             0.00100000000000000002             0.43049997295020148158             0.01499999999999999944             2.00000000000000000000           569.50000000000000000000             0.00100000000000000002
             1.00000000000000000000             1.00000000000000000000             0.00100000000000000002             0.42949997290270403028             0.01499999999999999944             2.00000000000000000000           570.50000000000000000000             0.00100000000000000002
             1.00000000000000000000             1.00000000000000000000             0.00100000000000000002             0.42849997285520657897             0.01499999999999999944             2.00000000000000000000           571.50000000000000000000             0.00100000000000000002
             1.00000000000000000000             1.00000000000000000000             0.00100000000000000002             0.42749997280770912766             0.01499999999999999944             2.00000000000000000000           572.50000000000000000000             0.00100000000000000002
             1.00000000000000000000             1.00000000000000000000             0.00100000000000000002             0.42649997276021167636             0.01499999999999999944             2.00000000000000000000           573.50000000000000000000             0.00100000000000000002
             1.00000000000000000000             1.00000000000000000000             0.00100000000000000002             0.42549997271271422505             0.01499999999999999944             2.00000000000000000000           574.50000000000000000000             0.00100000000000000002
             1.00000000000000000000             1.00000000000000000000             0.00100000000000000002             0.42449997266521677375             0.01499999999999999944             2.00000000000000000000           575.50000000000000000000             0.00100000000000000002
             1.00000000000000000000             1.00000000000000000000             0.00100000000000000002             0.42349997261771932244             0.01499999999999999944             2.00000000000000000000           576.50000000000000000000             0.00100000000000000002
             1.00000000000000000000             1.00000000000000000000             0.00100000000000000002             0.42249997257022187114             0.01499999999999999944             2.00000000000000000000           577.50000000000000000000             0.00100000000000000002
             1.00000000000000000000             1.00000000000000000000             0.00100000000000000002             0.42149997252272441983             0.01499999999999999944             2.00000000000000000000           578.50000000000000000000             0.00100000000000000002
             1.00000000000000000000             1.00000000000000000000             0.00100000000000000002             0.42049997247522696853             0.01499999999999999944             2.00000000000000000000           579.50000000000000000000             0.00100000000000000002
             1.00000000000000000000             1.00000000000000000000             0.00100000000000000002             0.41949997242772951722             0.01499999999999999944             2.00000000000000000000           580.50000000000000000000             0.00100000000000000002
             1.00000000000000000000             1.00000000000000000000             0.00100000000000000002             0.41849997238023206592             0.01499999999999999944             2.00000000000000000000           581.50000000000000000000             0.00100000000000000002
             1.00000000000000000000             1.00000000000000000000             0.00100000000000000002             0.41749997233273461461             0.01499999999999999944             2.00000000000000000000           582.50000000000000000000             0.00100000000000000002
             1.00000000000000000000             1.00000000000000000000             0.00100000000000000002             0.41649997228523716331             0.01499999999999999944             2.00000000000000000000           583.50000000000000000000             0.00100000000000000002
             1.00000000000000000000             1.00000000000000000000             0.00100000000000000002             0.41549997223773971200             0.01499999999999999944             2.00000000000000000000           584.50000000000000000000             0.00100000000000000002
             1.00000000000000000000             1.00000000000000000000             0.00100000000000000002             0.41449997219024226069             0.01499999999999999944             2.00000000000000000000           585.50000000000000000000             0.00100000000000000002
             1.00000000000000000000             1.00000000000000000000             0.00100000000000000002             0.41349997214274480939             0.01499999999999999944             2.00000000000000000000           586.50000000000000000000             0.00100000000000000002
             1.00000000000000000000             1.00000000000000000000             0.00100000000000000002             0.41249997209524735808             0.01499999999999999944             2.00000000000000000000           587.50000000000000000000             0.00100000000000000002
             1.00000000000000000000             1.00000000000000000000             0.00100000000000000002             0.41149997204774990678             0.01499999999999999944             2.00000000000000000000           588.50000000000000000000             0.00100000000000000002
             1.00000000000000000000             1.00000000000000000000             0.00100000000000000002             0.41049997200025245547             0.01499999999999999944             2.00000000000000000000           589.50000000000000000000             0.00100000000000000002
             1.00000000000000000000             1.00000000000000000000             0.00100000000000000002             0.40949997195275500417             0.01499999999999999944             2.00000000000000000000           590.50000000000000000000             0.00100000000000000002
             1.00000000000000000000             1.00000000000000000000             0.00100000000000000002             0.40849997190525755286             0.01499999999999999944             2.00000000000000000000           591.50000000000000000000             0.00100000000000000002
             1.00000000000000000000             1.00000000000000000000             0.00100000000000000002             0.40749997185776010156             0.01499999999999999944             2.00000000000000000000           592.50000000000000000000             0.00100000000000000002
             1.00000000000000000000             1.00000000000000000000             0.00100000000000000002             0.40649997181026265025             0.01499999999999999944             2.00000000000000000000           593.50000000000000000000             0.00100000000000000002
             1.00000000000000000000             1.00000000000000000000             0.00100000000000000002             0.40549997176276519895             0.01499999999999999944             2.00000000000000000000           594.50000000000000000000             0.00100000000000000002
             1.00000000000000000000             1.00000000000000000000             0.00100000000000000002             0.40449997171526774764             0.01499999999999999944             2.00000000000000000000           595.50000000000000000000             0.00100000000000000002
             1.00000000000000000000             1.00000000000000000000             0.00100000000000000002             0.40349997166777029634             0.01499999999999999944             2.00000000000000000000           596.50000000000000000000             0.00100000000000000002
             1.00000000000000000000             1.00000000000000000000             0.00100000000000000002             0.40249997162027284503             0.01499999999999999944             2.00000000000000000000           597.50000000000000000000             0.00100000000000000002
             1.00000000000000000000             1.00000000000000000000             0.00100000000000000002             0.40149997157277539372             0.01499999999999999944             2.00000000000000000000           598.50000000000000000000             0.00100000000000000002
             1.00000000000000000000             1.00000000000000000000             0.00100000000000000002             0.40049997152527794242             0.01499999999999999944             2.00000000000000000000           599.50000000000000000000             0.00100000000000000002
             1.00000000000000000000             1.00000000000000000000             0.00100000000000000002             0.39949997147778049111             0.01499999999999999944             2.00000000000000000000           600.50000000000000000000             0.00100000000000000002
             1.00000000000000000000             1.00000000000000000000             0.00100000000000000002             0.39849997143028303981             0.01499999999999999944             2.00000000000000000000           601.50000000000000000000             0.00100000000000000002
             1.00000000000000000000             1.00000000000000000000             0.00100000000000000002             0.39749997138278558850             0.01499999999999999944             2.00000000000000000000           602.50000000000000000000             0.00100000000000000002
             1.00000000000000000000             1.00000000000000000000             0.00100000000000000002             0.39649997133528813720             0.01499999999999999944             2.00000000000000000000           603.50000000000000000000             0.00100000000000000002
             1.00000000000000000000             1.00000000000000000000             0.00100000000000000002             0.39549997128779068589             0.01499999999999999944             2.00000000000000000000           604.50000000000000000000             0.00100000000000000002
             1.00000000000000000000             1.00000000000000000000             0.00100000000000000002             0.39449997124029323459             0.01499999999999999944             2.00000000000000000000           605.50000000000000000000             0.00100000000000000002
             1.00000000000000000000             1.00000000000000000000             0.00100000000000000002             0.39349997119279578328             0.01499999999999999944             2.00000000000000000000           606.50000000000000000000             0.00100000000000000002
             1.00000000000000000000             1.00000000000000000000             0.00100000000000000002             0.39249997114529833198             0.01499999999999999944             2.00000000000000000000           607.50000000000000000000             0.00100000000000000002
             1.00000000000000000000             1.00000000000000000000             0.00100000000000000002             0.39149997109780088067             0.01499999999999999944             2.00000000000000000000           608.50000000000000000000             0.00100000000000000002
             1.00000000000000000000             1.00000000000000000000             0.00100000000000000002             0.39049997105030342937             0.01499999999999999944             2.00000000000000000000           609.50000000000000000000             0.00100000000000000002
             1.00000000000000000000             1.00000000000000000000             0.00100000000000000002             0.38949997100280597806             0.01499999999999999944             2.00000000000000000000           610.50000000000000000000             0.00100000000000000002
             1.00000000000000000000             1.00000000000000000000             0.00100000000000000002             0.38849997095530852675             0.01499999999999999944             2.00000000000000000000           611.50000000000000000000             0.00100000000000000002
             1.00000000000000000000             1.00000000000000000000             0.00100000000000000002             0.38749997090781107545             0.01499999999999999944             2.00000000000000000000           612.50000000000000000000             0.00100000000000000002
             1.00000000000000000000             1.00000000000000000000             0.00100000000000000002             0.38649997086031362414             0.01499999999999999944             2.00000000000000000000           613.50000000000000000000             0.00100000000000000002
             1.00000000000000000000             1.00000000000000000000             0.00100000000000000002             0.38549997081281617284             0.01499999999999999944             2.00000000000000000000           614.50000000000000000000             0.00100000000000000002
             1.00000000000000000000             1.00000000000000000000             0.00100000000000000002             0.38449997076531872153             0.01499999999999999944             2.00000000000000000000           615.50000000000000000000             0.00100000000000000002
             1.00000000000000000000             1.00000000000000000000             0.00100000000000000002             0.38349997071782127023             0.01499999999999999944             2.00000000000000000000           616.50000000000000000000             0.00100000000000000002
             1.00000000000000000000             1.00000000000000000000             0.00100000000000000002             0.38249997067032381892             0.01499999999999999944             2.00000000000000000000           617.50000000000000000000             0.00100000000000000002
             1.00000000000000000000             1.00000000000000000000             0.00100000000000000002             0.38149997062282636762             0.01499999999999999944             2.00000000000000000000           618.50000000000000000000             0.00100000000000000002
             1.00000000000000000000             1.00000000000000000000             0.00100000000000000002             0.38049997057532891631             0.01499999999999999944             2.00000000000000000000           619.50000000000000000000             0.00100000000000000002
             1.00000000000000000000             1.00000000000000000000             0.00100000000000000002             0.37949997052783146501             0.01499999999999999944             2.00000000000000000000           620.50000000000000000000             0.00100000000000000002
             1.00000000000000000000             1.00000000000000000000             0.00100000000000000002             0.37849997048033401370             0.01499999999999999944             2.00000000000000000000           621.50000000000000000000             0.00100000000000000002
             1.00000000000000000000             1.00000000000000000000             0.00100000000000000002             0.37749997043283656240             0.01499999999999999944             2.00000000000000000000           622.50000000000000000000             0.00100000000000000002
             1.00000000000000000000             1.00000000000000000000             0.00100000000000000002             0.37649997038533911109             0.01499999999999999944             2.00000000000000000000           623.50000000000000000000             0.00100000000000000002
             1.00000000000000000000             1.00000000000000000000             0.00100000000000000002             0.37549997033784165978             0.01499999999999999944             2.00000000000000000000           624.50000000000000000000             0.00100000000000000002
             0.00100000000000000002
