                    125
             1.00000000000000000000             1.00000000000000000000             0.00100000000000000002             0.37449997029034420848             0.01499999999999999944             2.00000000000000000000           625.50000000000000000000             0.00100000000000000002
             1.00000000000000000000             1.00000000000000000000             0.00100000000000000002             0.37349997024284675717             0.01499999999999999944             2.00000000000000000000           626.50000000000000000000             0.00100000000000000002
             1.00000000000000000000             1.00000000000000000000             0.00100000000000000002             0.37249997019534930587             0.01499999999999999944             2.00000000000000000000           627.50000000000000000000             0.00100000000000000002
             1.00000000000000000000             1.00000000000000000000             0.00100000000000000002             0.37149997014785185456             0.01499999999999999944             2.00000000000000000000           628.50000000000000000000             0.00100000000000000002
             1.00000000000000000000             1.00000000000000000000             0.00100000000000000002             0.37049997010035440326             0.01499999999999999944             2.00000000000000000000           629.50000000000000000000             0.00100000000000000002
             1.00000000000000000000             1.00000000000000000000             0.00100000000000000002             0.36949997005285695195             0.01499999999999999944             2.00000000000000000000           630.50000000000000000000             0.00100000000000000002
             1.00000000000000000000             1.00000000000000000000             0.00100000000000000002             0.36849997000535950065             0.01499999999999999944             2.00000000000000000000           631.50000000000000000000             0.00100000000000000002
             1.00000000000000000000             1.00000000000000000000             0.00100000000000000002             0.36749996995786204934             0.01499999999999999944             2.00000000000000000000           632.50000000000000000000             0.00100000000000000002
             1.00000000000000000000             1.00000000000000000000             0.00100000000000000002             0.36649996991036459804             0.01499999999999999944             2.00000000000000000000           633.50000000000000000000             0.00100000000000000002
             1.00000000000000000000             1.00000000000000000000             0.00100000000000000002             0.36549996986286714673             0.01499999999999999944             2.00000000000000000000           634.50000000000000000000             0.00100000000000000002
             1.00000000000000000000             1.00000000000000000000             0.00100000000000000002             0.36449996981536969543             0.01499999999999999944             2.00000000000000000000           635.50000000000000000000             0.00100000000000000002
             1.00000000000000000000             1.00000000000000000000             0.00100000000000000002             0.36349996976787224412             0.01499999999999999944             2.00000000000000000000           636.50000000000000000000             0.00100000000000000002
             1.00000000000000000000             1.00000000000000000000             0.00100000000000000002             0.36249996972037479281             0.01499999999999999944             2.00000000000000000000           637.50000000000000000000             0.00100000000000000002
             1.00000000000000000000             1.00000000000000000000             0.00100000000000000002             0.36149996967287734151             0.01499999999999999944             2.00000000000000000000           638.50000000000000000000             0.00100000000000000002
             1.00000000000000000000             1.00000000000000000000             0.00100000000000000002             0.36049996962537989020             0.01499999999999999944             2.00000000000000000000           639.50000000000000000000             0.00100000000000000002
             1.00000000000000000000             1.00000000000000000000             0.00100000000000000002             0.35949996957788243890             0.01499999999999999944             2.00000000000000000000           640.50000000000000000000             0.00100000000000000002
             1.00000000000000000000             1.00000000000000000000             0.00100000000000000002             0.35849996953038498759             0.01499999999999999944             2.00000000000000000000           641.50000000000000000000             0.00100000000000000002
             1.00000000000000000000             1.00000000000000000000             0.00100000000000000002             0.35749996948288753629             0.01499999999999999944             2.00000000000000000000           642.50000000000000000000             0.00100000000000000002
             1.00000000000000000000             1.00000000000000000000             0.00100000000000000002             0.35649996943539008498             0.01499999999999999944             2.00000000000000000000           643.50000000000000000000             0.00100000000000000002
             1.00000000000000000000             1.00000000000000000000             0.00100000000000000002             0.35549996938789263368             0.01499999999999999944             2.00000000000000000000           644.50000000000000000000             0.00100000000000000002
             1.00000000000000000000             1.00000000000000000000             0.00100000000000000002             0.35449996934039518237             0.01499999999999999944             2.00000000000000000000           645.50000000000000000000             0.00100000000000000002
             1.00000000000000000000             1.00000000000000000000             0.00100000000000000002             0.35349996929289773107             0.01499999999999999944             2.00000000000000000000           646.50000000000000000000             0.00100000000000000002
             1.00000000000000000000             1.00000000000000000000             0.00100000000000000002             0.35249996924540027976             0.01499999999999999944             2.00000000000000000000           647.50000000000000000000             0.00100000000000000002
             1.00000000000000000000             1.00000000000000000000             0.00100000000000000002             0.35149996919790282845             0.01499999999999999944             2.00000000000000000000           648.50000000000000000000             0.00100000000000000002
             1.00000000000000000000             1.00000000000000000000             0.00100000000000000002             0.35049996915040537715             0.01499999999999999944             2.00000000000000000000           649.50000000000000000000             0.00100000000000000002
             1.00000000000000000000             1.00000000000000000000             0.00100000000000000002             0.34949996910290792584             0.01499999999999999944             2.00000000000000000000           650.50000000000000000000             0.00100000000000000002
             1.00000000000000000000             1.00000000000000000000             0.00100000000000000002             0.34849996905541047454             0.01499999999999999944             2.00000000000000000000           651.50000000000000000000             0.00100000000000000002
             1.00000000000000000000             1.00000000000000000000             0.00100000000000000002             0.34749996900791302323             0.01499999999999999944             2.00000000000000000000           652.50000000000000000000             0.00100000000000000002
             1.00000000000000000000             1.00000000000000000000             0.00100000000000000002             0.34649996896041557193             0.01499999999999999944             2.00000000000000000000           653.50000000000000000000             0.00100000000000000002
             1.00000000000000000000             1.00000000000000000000             0.00100000000000000002             0.34549996891291812062             0.01499999999999999944             2.00000000000000000000           654.50000000000000000000             0.00100000000000000002
             1.00000000000000000000             1.00000000000000000000             0.00100000000000000002             0.34449996886542066932             0.01499999999999999944             2.00000000000000000000           655.50000000000000000000             0.00100000000000000002
             1.00000000000000000000             1.00000000000000000000             0.00100000000000000002             0.34349996881792321801             0.01499999999999999944             2.00000000000000000000           656.50000000000000000000             0.00100000000000000002
             1.00000000000000000000             1.00000000000000000000             0.00100000000000000002             0.34249996877042576671             0.01499999999999999944             2.00000000000000000000           657.50000000000000000000             0.00100000000000000002
             1.00000000000000000000             1.00000000000000000000             0.00100000000000000002             0.34149996872292831540             0.01499999999999999944             2.00000000000000000000           658.50000000000000000000             0.00100000000000000002
             1.00000000000000000000             1.00000000000000000000             0.00100000000000000002             0.34049996867543086410             0.01499999999999999944             2.00000000000000000000           659.50000000000000000000             0.00100000000000000002
             1.00000000000000000000             1.00000000000000000000             0.00100000000000000002             0.33949996862793341279             0.01499999999999999944             2.00000000000000000000           660.50000000000000000000             0.00100000000000000002
             1.00000000000000000000             1.00000000000000000000             0.00100000000000000002             0.33849996858043596148             0.01499999999999999944             2.00000000000000000000           661.50000000000000000000             0.00100000000000000002
             1.00000000000000000000             1.00000000000000000000             0.00100000000000000002             0.33749996853293851018             0.01499999999999999944             2.00000000000000000000           662.50000000000000000000             0.00100000000000000002
             1.00000000000000000000             1.00000000000000000000             0.00100000000000000002             0.33649996848544105887             0.01499999999999999944             2.00000000000000000000           663.50000000000000000000             0.00100000000000000002
             1.00000000000000000000             1.00000000000000000000             0.00100000000000000002             0.33549996843794360757             0.01499999999999999944             2.00000000000000000000           664.50000000000000000000             0.00100000000000000002
             1.00000000000000000000             1.00000000000000000000             0.00100000000000000002             0.33449996839044615626             0.01499999999999999944             2.00000000000000000000           665.50000000000000000000             0.00100000000000000002
             1.00000000000000000000             1.00000000000000000000             0.00100000000000000002             0.33349996834294870496             0.01499999999999999944             2.00000000000000000000           666.50000000000000000000             0.00100000000000000002
             1.00000000000000000000             1.00000000000000000000             0.00100000000000000002             0.33249996829545125365             0.01499999999999999944             2.00000000000000000000           667.50000000000000000000             0.00100000000000000002
             1.00000000000000000000             1.00000000000000000000             0.00100000000000000002             0.33149996824795380235             0.01499999999999999944             2.00000000000000000000           668.50000000000000000000             0.00100000000000000002
             1.00000000000000000000             1.00000000000000000000             0.00100000000000000002             0.33049996820045635104             0.01499999999999999944             2.00000000000000000000           669.50000000000000000000             0.00100000000000000002
             1.00000000000000000000             1.00000000000000000000             0.00100000000000000002             0.32949996815295889974             0.01499999999999999944             2.00000000000000000000           670.50000000000000000000             0.00100000000000000002
             1.00000000000000000000             1.00000000000000000000             0.00100000000000000002             0.32849996810546144843             0.01499999999999999944             2.00000000000000000000           671.50000000000000000000             0.00100000000000000002
             1.00000000000000000000             1.00000000000000000000             0.00100000000000000002             0.32749996805796399713             0.01499999999999999944             2.00000000000000000000           672.50000000000000000000             0.00100000000000000002
             1.00000000000000000000             1.00000000000000000000             0.00100000000000000002             0.32649996801046654582             0.01499999999999999944             2.00000000000000000000           673.50000000000000000000             0.00100000000000000002
             1.00000000000000000000             1.00000000000000000000             0.00100000000000000002             0.32549996796296909451             0.01499999999999999944             2.00000000000000000000           674.50000000000000000000             0.00100000000000000002
             1.00000000000000000000             1.00000000000000000000             0.00100000000000000002             0.32449996791547164321             0.01499999999999999944             2.00000000000000000000           675.50000000000000000000             0.00100000000000000002
             1.00000000000000000000             1.00000000000000000000             0.00100000000000000002             0.32349996786797419190             0.01499999999999999944             2.00000000000000000000           676.50000000000000000000             0.00100000000000000002
             1.00000000000000000000             1.00000000000000000000             0.00100000000000000002             0.32249996782047674060             0.01499999999999999944             2.00000000000000000000           677.50000000000000000000             0.00100000000000000002
             1.00000000000000000000             1.00000000000000000000             0.00100000000000000002             0.32149996777297928929             0.01499999999999999944             2.00000000000000000000           678.50000000000000000000             0.00100000000000000002
             1.00000000000000000000             1.00000000000000000000             0.00100000000000000002             0.32049996772548183799             0.01499999999999999944             2.00000000000000000000           679.50000000000000000000             0.00100000000000000002
             1.00000000000000000000             1.00000000000000000000             0.00100000000000000002             0.31949996767798438668             0.01499999999999999944             2.00000000000000000000           680.50000000000000000000             0.00100000000000000002
             1.00000000000000000000             1.00000000000000000000             0.00100000000000000002             0.31849996763048693538             0.01499999999999999944             2.00000000000000000000           681.50000000000000000000             0.00100000000000000002
             1.00000000000000000000             1.00000000000000000000             0.00100000000000000002             0.31749996758298948407             0.01499999999999999944             2.00000000000000000000           682.50000000000000000000             0.00100000000000000002
             1.00000000000000000000             1.00000000000000000000             0.00100000000000000002             0.31649996753549203277             0.01499999999999999944             2.00000000000000000000           683.50000000000000000000             0.00100000000000000002
             1.00000000000000000000             1.00000000000000000000             0.00100000000000000002             0.31549996748799458146             0.01499999999999999944             2.00000000000000000000           684.50000000000000000000             0.00100000000000000002
             1.00000000000000000000             1.00000000000000000000             0.00100000000000000002             0.31449996744049713016             0.01499999999999999944             2.00000000000000000000           685.50000000000000000000             0.00100000000000000002
             1.00000000000000000000             1.00000000000000000000             0.00100000000000000002             0.31349996739299967885             0.01499999999999999944             2.00000000000000000000           686.50000000000000000000             0.00100000000000000002
             1.00000000000000000000             1.00000000000000000000             0.00100000000000000002             0.31249996734550222754             0.01499999999999999944             2.00000000000000000000           687.50000000000000000000             0.00100000000000000002
             1.00000000000000000000             1.00000000000000000000             0.00100000000000000002             0.31149996729800477624             0.01499999999999999944             2.00000000000000000000           688.50000000000000000000             0.00100000000000000002
             1.00000000000000000000             1.00000000000000000000             0.00100000000000000002             0.31049996725050732493             0.01499999999999999944             2.00000000000000000000           689.50000000000000000000             0.00100000000000000002
             1.00000000000000000000             1.00000000000000000000             0.00100000000000000002             0.30949996720300987363             0.01499999999999999944             2.00000000000000000000           690.50000000000000000000             0.00100000000000000002
             1.00000000000000000000             1.00000000000000000000             0.00100000000000000002             0.30849996715551242232             0.01499999999999999944             2.00000000000000000000           691.50000000000000000000             0.00100000000000000002
             1.00000000000000000000             1.00000000000000000000             0.00100000000000000002             0.30749996710801497102             0.01499999999999999944             2.00000000000000000000           692.50000000000000000000             0.00100000000000000002
             1.00000000000000000000             1.00000000000000000000             0.00100000000000000002             0.30649996706051751971             0.01499999999999999944             2.00000000000000000000           693.50000000000000000000             0.00100000000000000002
             1.00000000000000000000             1.00000000000000000000             0.00100000000000000002             0.30549996701302006841             0.01499999999999999944             2.00000000000000000000           694.50000000000000000000             0.00100000000000000002
             1.00000000000000000000             1.00000000000000000000             0.00100000000000000002             0.30449996696552261710             0.01499999999999999944             2.00000000000000000000           695.50000000000000000000             0.00100000000000000002
             1.00000000000000000000             1.00000000000000000000             0.00100000000000000002             0.30349996691802516580             0.01499999999999999944             2.00000000000000000000           696.50000000000000000000             0.00100000000000000002
             1.00000000000000000000             1.00000000000000000000             0.00100000000000000002             0.30249996687052771449             0.01499999999999999944             2.00000000000000000000           697.50000000000000000000             0.00100000000000000002
             1.00000000000000000000             1.00000000000000000000             0.00100000000000000002             0.30149996682303026319             0.01499999999999999944             2.00000000000000000000           698.50000000000000000000             0.00100000000000000002
             1.00000000000000000000             1.00000000000000000000             0.00100000000000000002             0.30049996677553281188             0.01499999999999999944             2.00000000000000000000           699.50000000000000000000             0.00100000000000000002
             1.00000000000000000000             1.00000000000000000000             0.00100000000000000002             0.29949996672803536057             0.01499999999999999944             2.00000000000000000000           700.50000000000000000000             0.00100000000000000002
             1.00000000000000000000             1.00000000000000000000             0.00100000000000000002             0.29849996668053790927             0.01499999999999999944             2.00000000000000000000           701.50000000000000000000             0.00100000000000000002
             1.00000000000000000000             1.00000000000000000000             0.00100000000000000002             0.29749996663304045796             0.01499999999999999944             2.00000000000000000000           702.50000000000000000000             0.00100000000000000002
             1.00000000000000000000             1.00000000000000000000             0.00100000000000000002             0.29649996658554300666             0.01499999999999999944             2.00000000000000000000           703.50000000000000000000             0.00100000000000000002
             1.00000000000000000000             1.00000000000000000000             0.00100000000000000002             0.29549996653804555535             0.01499999999999999944             2.00000000000000000000           704.50000000000000000000             0.00100000000000000002
             1.00000000000000000000             1.00000000000000000000             0.00100000000000000002             0.29449996649054810405             0.01499999999999999944             2.00000000000000000000           705.50000000000000000000             0.00100000000000000002
             1.00000000000000000000             1.00000000000000000000             0.00100000000000000002             0.29349996644305065274             0.01499999999999999944             2.00000000000000000000           706.50000000000000000000             0.00100000000000000002
             1.00000000000000000000             1.00000000000000000000             0.00100000000000000002             0.29249996639555320144             0.01499999999999999944             2.00000000000000000000           707.50000000000000000000             0.00100000000000000002
             1.00000000000000000000             1.00000000000000000000             0.00100000000000000002             0.29149996634805575013             0.01499999999999999944             2.00000000000000000000           708.50000000000000000000             0.00100000000000000002
             1.00000000000000000000             1.00000000000000000000             0.00100000000000000002             0.29049996630055829883             0.01499999999999999944             2.00000000000000000000           709.50000000000000000000             0.00100000000000000002
             1.00000000000000000000             1.00000000000000000000             0.00100000000000000002             0.28949996625306084752             0.01499999999999999944             2.00000000000000000000           710.50000000000000000000             0.00100000000000000002
             1.00000000000000000000             1.00000000000000000000             0.00100000000000000002             0.28849996620556339622             0.01499999999999999944             2.00000000000000000000           711.50000000000000000000             0.00100000000000000002
             1.00000000000000000000             1.00000000000000000000             0.00100000000000000002             0.28749996615806594491             0.01499999999999999944             2.00000000000000000000           712.50000000000000000000             0.00100000000000000002
             1.00000000000000000000             1.00000000000000000000             0.00100000000000000002             0.28649996611056849360             0.01499999999999999944             2.00000000000000000000           713.50000000000000000000             0.00100000000000000002
             1.00000000000000000000             1.00000000000000000000             0.00100000000000000002             0.28549996606307104230             0.01499999999999999944             2.00000000000000000000           714.50000000000000000000             0.00100000000000000002
             1.00000000000000000000             1.00000000000000000000             0.00100000000000000002             0.28449996601557359099             0.01499999999999999944             2.00000000000000000000           715.50000000000000000000             0.00100000000000000002
             1.00000000000000000000             1.00000000000000000000             0.00100000000000000002             0.28349996596807613969             0.01499999999999999944             2.00000000000000000000           716.50000000000000000000             0.00100000000000000002
             1.00000000000000000000             1.00000000000000000000             0.00100000000000000002             0.28249996592057868838             0.01499999999999999944             2.00000000000000000000           717.50000000000000000000             0.00100000000000000002
             1.00000000000000000000             1.00000000000000000000             0.00100000000000000002             0.28149996587308123708             0.01499999999999999944             2.00000000000000000000           718.50000000000000000000             0.00100000000000000002
             1.00000000000000000000             1.00000000000000000000             0.00100000000000000002             0.28049996582558378577             0.01499999999999999944             2.00000000000000000000           719.50000000000000000000             0.00100000000000000002
             1.00000000000000000000             1.00000000000000000000             0.00100000000000000002             0.27949996577808633447             0.01499999999999999944             2.00000000000000000000           720.50000000000000000000             0.00100000000000000002
             1.00000000000000000000             1.00000000000000000000             0.00100000000000000002             0.27849996573058888316             0.01499999999999999944             2.00000000000000000000           721.50000000000000000000             0.00100000000000000002
             1.00000000000000000000             1.00000000000000000000             0.00100000000000000002             0.27749996568309143186             0.01499999999999999944             2.00000000000000000000           722.50000000000000000000             0.00100000000000000002
             1.00000000000000000000             1.00000000000000000000             0.00100000000000000002             0.27649996563559398055             0.01499999999999999944             2.00000000000000000000           723.50000000000000000000             0.00100000000000000002
             1.00000000000000000000             1.00000000000000000000             0.00100000000000000002             0.27549996558809652925             0.01499999999999999944             2.00000000000000000000           724.50000000000000000000             0.00100000000000000002
             1.00000000000000000000             1.00000000000000000000             0.00100000000000000002             0.27449996554059907794             0.01499999999999999944             2.00000000000000000000           725.50000000000000000000             0.00100000000000000002
             1.00000000000000000000             1.00000000000000000000             0.00100000000000000002             0.27349996549310162663             0.01499999999999999944             2.00000000000000000000           726.50000000000000000000             0.00100000000000000002
             1.00000000000000000000             1.00000000000000000000             0.00100000000000000002             0.27249996544560417533             0.01499999999999999944             2.00000000000000000000           727.50000000000000000000             0.00100000000000000002
             1.00000000000000000000             1.00000000000000000000             0.00100000000000000002             0.27149996539810672402             0.01499999999999999944             2.00000000000000000000           728.50000000000000000000             0.00100000000000000002
             1.00000000000000000000             1.00000000000000000000             0.00100000000000000002             0.27049996535060927272             0.01499999999999999944             2.00000000000000000000           729.50000000000000000000             0.00100000000000000002
             1.00000000000000000000             1.00000000000000000000             0.00100000000000000002             0.26949996530311182141             0.01499999999999999944             2.00000000000000000000           730.50000000000000000000             0.00100000000000000002
             1.00000000000000000000             1.00000000000000000000             0.00100000000000000002             0.26849996525561437011             0.01499999999999999944             2.00000000000000000000           731.50000000000000000000             0.00100000000000000002
             1.00000000000000000000             1.00000000000000000000             0.00100000000000000002             0.26749996520811691880             0.01499999999999999944             2.00000000000000000000           732.50000000000000000000             0.00100000000000000002
             1.00000000000000000000             1.00000000000000000000             0.00100000000000000002             0.26649996516061946750             0.01499999999999999944             2.00000000000000000000           733.50000000000000000000             0.00100000000000000002
             1.00000000000000000000             1.00000000000000000000             0.00100000000000000002             0.26549996511312201619             0.01499999999999999944             2.00000000000000000000           734.50000000000000000000             0.00100000000000000002
             1.00000000000000000000             1.00000000000000000000             0.00100000000000000002             0.26449996506562456489             0.01499999999999999944             2.00000000000000000000           735.50000000000000000000             0.00100000000000000002
             1.00000000000000000000             1.00000000000000000000             0.00100000000000000002             0.26349996501812711358             0.01499999999999999944             2.00000000000000000000           736.50000000000000000000             0.00100000000000000002
             1.00000000000000000000             1.00000000000000000000             0.00100000000000000002             0.26249996497062966228             0.01499999999999999944             2.00000000000000000000           737.50000000000000000000             0.00100000000000000002
             1.00000000000000000000             1.00000000000000000000             0.00100000000000000002             0.26149996492313221097             0.01499999999999999944             2.00000000000000000000           738.50000000000000000000             0.00100000000000000002
             1.00000000000000000000             1.00000000000000000000             0.00100000000000000002             0.26049996487563475966             0.01499999999999999944             2.00000000000000000000           739.50000000000000000000             0.00100000000000000002
             1.00000000000000000000             1.00000000000000000000             0.00100000000000000002             0.25949996482813730836             0.01499999999999999944             2.00000000000000000000           740.50000000000000000000             0.00100000000000000002
             1.00000000000000000000             1.00000000000000000000             0.00100000000000000002             0.25849996478063985705             0.01499999999999999944             2.00000000000000000000           741.50000000000000000000             0.00100000000000000002
             1.00000000000000000000             1.00000000000000000000             0.00100000000000000002             0.25749996473314240575             0.01499999999999999944             2.00000000000000000000           742.50000000000000000000             0.00100000000000000002
             1.00000000000000000000             1.00000000000000000000             0.00100000000000000002             0.25649996468564495444             0.01499999999999999944             2.00000000000000000000           743.50000000000000000000             0.00100000000000000002
             1.00000000000000000000             1.00000000000000000000             0.00100000000000000002             0.25549996463814750314             0.01499999999999999944             2.00000000000000000000           744.50000000000000000000             0.00100000000000000002
             1.00000000000000000000             1.00000000000000000000             0.00100000000000000002             0.25449996459065005183             0.01499999999999999944             2.00000000000000000000           745.50000000000000000000             0.00100000000000000002
             1.00000000000000000000             1.00000000000000000000             0.00100000000000000002             0.25349996454315260053             0.01499999999999999944             2.00000000000000000000           746.50000000000000000000             0.00100000000000000002
             1.00000000000000000000             1.00000000000000000000             0.00100000000000000002             0.25249996449565514922             0.01499999999999999944             2.00000000000000000000           747.50000000000000000000             0.00100000000000000002
             1.00000000000000000000             1.00000000000000000000             0.00100000000000000002             0.25149996444815769792             0.01499999999999999944             2.00000000000000000000           748.50000000000000000000             0.00100000000000000002
             1.00000000000000000000             1.00000000000000000000             0.00100000000000000002             0.25049996440066024661             0.01499999999999999944             2.00000000000000000000           749.50000000000000000000             0.00100000000000000002
             0.00100000000000000002
