                    125
             1.00000000000000000000             1.00000000000000000000             0.00100000000000000002             0.99949999997625127435             0.01499999999999999944             2.00000000000000000000             0.50000000000000000000             0.00100000000000000002
             1.00000000000000000000             1.00000000000000000000             0.00100000000000000002             0.99849999992875382304             0.01499999999999999944             2.00000000000000000000             1.50000000000000000000             0.00100000000000000002
             1.00000000000000000000             1.00000000000000000000             0.00100000000000000002             0.99749999988125637174             0.01499999999999999944             2.00000000000000000000             2.50000000000000000000             0.00100000000000000002
             1.00000000000000000000             1.00000000000000000000             0.00100000000000000002             0.99649999983375892043             0.01499999999999999944             2.00000000000000000000             3.50000000000000000000             0.00100000000000000002
             1.00000000000000000000             1.00000000000000000000             0.00100000000000000002             0.99549999978626146913             0.01499999999999999944             2.00000000000000000000             4.50000000000000000000             0.00100000000000000002
             1.00000000000000000000             1.00000000000000000000             0.00100000000000000002             0.99449999973876401782             0.01499999999999999944             2.00000000000000000000             5.50000000000000000000             0.00100000000000000002
             1.00000000000000000000             1.00000000000000000000             0.00100000000000000002             0.99349999969126656651             0.01499999999999999944             2.00000000000000000000             6.50000000000000000000             0.00100000000000000002
             1.00000000000000000000             1.00000000000000000000             0.00100000000000000002             0.99249999964376911521             0.01499999999999999944             2.00000000000000000000             7.50000000000000000000             0.00100000000000000002
             1.00000000000000000000             1.00000000000000000000             0.00100000000000000002             0.99149999959627166390             0.01499999999999999944             2.00000000000000000000             8.50000000000000000000             0.00100000000000000002
             1.00000000000000000000             1.00000000000000000000             0.00100000000000000002             0.99049999954877421260             0.01499999999999999944             2.00000000000000000000             9.50000000000000000000             0.00100000000000000002
             1.00000000000000000000             1.00000000000000000000             0.00100000000000000002             0.98949999950127676129             0.01499999999999999944             2.00000000000000000000            10.50000000000000000000             0.00100000000000000002
             1.00000000000000000000             1.00000000000000000000             0.00100000000000000002             0.98849999945377930999             0.01499999999999999944             2.00000000000000000000            11.50000000000000000000             0.00100000000000000002
             1.00000000000000000000             1.00000000000000000000             0.00100000000000000002             0.98749999940628185868             0.01499999999999999944             2.00000000000000000000            12.50000000000000000000             0.00100000000000000002
             1.00000000000000000000             1.00000000000000000000             0.00100000000000000002             0.98649999935878440738             0.01499999999999999944             2.00000000000000000000            13.50000000000000000000             0.00100000000000000002
             1.00000000000000000000             1.00000000000000000000             0.00100000000000000002             0.98549999931128695607             0.01499999999999999944             2.00000000000000000000            14.50000000000000000000             0.00100000000000000002
             1.00000000000000000000             1.00000000000000000000             0.00100000000000000002             0.98449999926378950477             0.01499999999999999944             2.00000000000000000000            15.50000000000000000000             0.00100000000000000002
             1.00000000000000000000             1.00000000000000000000             0.00100000000000000002             0.98349999921629205346             0.01499999999999999944             2.00000000000000000000            16.50000000000000000000             0.00100000000000000002
             1.00000000000000000000             1.00000000000000000000             0.00100000000000000002             0.98249999916879460216             0.01499999999999999944             2.00000000000000000000            17.50000000000000000000             0.00100000000000000002
             1.00000000000000000000             1.00000000000000000000             0.00100000000000000002             0.98149999912129715085             0.01499999999999999944             2.00000000000000000000            18.50000000000000000000             0.00100000000000000002
             1.00000000000000000000             1.00000000000000000000             0.00100000000000000002             0.98049999907379969954             0.01499999999999999944             2.00000000000000000000            19.50000000000000000000             0.00100000000000000002
             1.00000000000000000000             1.00000000000000000000             0.00100000000000000002             0.97949999902630224824             0.01499999999999999944             2.00000000000000000000            20.50000000000000000000             0.00100000000000000002
             1.00000000000000000000             1.00000000000000000000             0.00100000000000000002             0.97849999897880479693             0.01499999999999999944             2.00000000000000000000            21.50000000000000000000             0.00100000000000000002
             1.00000000000000000000             1.00000000000000000000             0.00100000000000000002             0.97749999893130734563             0.01499999999999999944             2.00000000000000000000            22.50000000000000000000             0.00100000000000000002
             1.00000000000000000000             1.00000000000000000000             0.00100000000000000002             0.97649999888380989432             0.01499999999999999944             2.00000000000000000000            23.50000000000000000000             0.00100000000000000002
             1.00000000000000000000             1.00000000000000000000             0.00100000000000000002             0.97549999883631244302             0.01499999999999999944             2.00000000000000000000            24.50000000000000000000             0.00100000000000000002
             1.00000000000000000000             1.00000000000000000000             0.00100000000000000002             0.97449999878881499171             0.01499999999999999944             2.00000000000000000000            25.50000000000000000000             0.00100000000000000002
             1.00000000000000000000             1.00000000000000000000             0.00100000000000000002             0.97349999874131754041             0.01499999999999999944             2.00000000000000000000            26.50000000000000000000             0.00100000000000000002
             1.00000000000000000000             1.00000000000000000000             0.00100000000000000002             0.97249999869382008910             0.01499999999999999944             2.00000000000000000000            27.50000000000000000000             0.00100000000000000002
             1.00000000000000000000             1.00000000000000000000             0.00100000000000000002             0.97149999864632263780             0.01499999999999999944             2.00000000000000000000            28.50000000000000000000             0.00100000000000000002
             1.00000000000000000000             1.00000000000000000000             0.00100000000000000002             0.97049999859882518649             0.01499999999999999944             2.00000000000000000000            29.50000000000000000000             0.00100000000000000002
             1.00000000000000000000             1.00000000000000000000             0.00100000000000000002             0.96949999855132773519             0.01499999999999999944             2.00000000000000000000            30.50000000000000000000             0.00100000000000000002
             1.00000000000000000000             1.00000000000000000000             0.00100000000000000002             0.96849999850383028388             0.01499999999999999944             2.00000000000000000000            31.50000000000000000000             0.00100000000000000002
             1.00000000000000000000             1.00000000000000000000             0.00100000000000000002             0.96749999845633283257             0.01499999999999999944             2.00000000000000000000            32.50000000000000000000             0.00100000000000000002
             1.00000000000000000000             1.00000000000000000000             0.00100000000000000002             0.96649999840883538127             0.01499999999999999944             2.00000000000000000000            33.50000000000000000000             0.00100000000000000002
             1.00000000000000000000             1.00000000000000000000             0.00100000000000000002             0.96549999836133792996             0.01499999999999999944             2.00000000000000000000            34.50000000000000000000             0.00100000000000000002
             1.00000000000000000000             1.00000000000000000000             0.00100000000000000002             0.96449999831384047866             0.01499999999999999944             2.00000000000000000000            35.50000000000000000000             0.00100000000000000002
             1.00000000000000000000             1.00000000000000000000             0.00100000000000000002             0.96349999826634302735             0.01499999999999999944             2.00000000000000000000            36.50000000000000000000             0.00100000000000000002
             1.00000000000000000000             1.00000000000000000000             0.00100000000000000002             0.96249999821884557605             0.01499999999999999944             2.00000000000000000000            37.50000000000000000000             0.00100000000000000002
             1.00000000000000000000             1.00000000000000000000             0.00100000000000000002             0.96149999817134812474             0.01499999999999999944             2.00000000000000000000            38.50000000000000000000             0.00100000000000000002
             1.00000000000000000000             1.00000000000000000000             0.00100000000000000002             0.96049999812385067344             0.01499999999999999944             2.00000000000000000000            39.50000000000000000000             0.00100000000000000002
             1.00000000000000000000             1.00000000000000000000             0.00100000000000000002             0.95949999807635322213             0.01499999999999999944             2.00000000000000000000            40.50000000000000000000             0.00100000000000000002
             1.00000000000000000000             1.00000000000000000000             0.00100000000000000002             0.95849999802885577083             0.01499999999999999944             2.00000000000000000000            41.50000000000000000000             0.00100000000000000002
             1.00000000000000000000             1.00000000000000000000             0.00100000000000000002             0.95749999798135831952             0.01499999999999999944             2.00000000000000000000            42.50000000000000000000             0.00100000000000000002
             1.00000000000000000000             1.00000000000000000000             0.00100000000000000002             0.95649999793386086822             0.01499999999999999944             2.00000000000000000000            43.50000000000000000000             0.00100000000000000002
             1.00000000000000000000             1.00000000000000000000             0.00100000000000000002             0.95549999788636341691             0.01499999999999999944             2.00000000000000000000            44.50000000000000000000             0.00100000000000000002
             1.00000000000000000000             1.00000000000000000000             0.00100000000000000002             0.95449999783886596560             0.01499999999999999944             2.00000000000000000000            45.50000000000000000000             0.00100000000000000002
             1.00000000000000000000             1.00000000000000000000             0.00100000000000000002             0.95349999779136851430             0.01499999999999999944             2.00000000000000000000            46.50000000000000000000             0.00100000000000000002
             1.00000000000000000000             1.00000000000000000000             0.00100000000000000002             0.95249999774387106299             0.01499999999999999944             2.00000000000000000000            47.50000000000000000000             0.00100000000000000002
             1.00000000000000000000             1.00000000000000000000             0.00100000000000000002             0.95149999769637361169             0.01499999999999999944             2.00000000000000000000            48.50000000000000000000             0.00100000000000000002
             1.00000000000000000000             1.00000000000000000000             0.00100000000000000002             0.95049999764887616038             0.01499999999999999944             2.00000000000000000000            49.50000000000000000000             0.00100000000000000002
             1.00000000000000000000             1.00000000000000000000             0.00100000000000000002             0.94949999760137870908             0.01499999999999999944             2.00000000000000000000            50.50000000000000000000             0.00100000000000000002
             1.00000000000000000000             1.00000000000000000000             0.00100000000000000002             0.94849999755388125777             0.01499999999999999944             2.00000000000000000000            51.50000000000000000000             0.00100000000000000002
             1.00000000000000000000             1.00000000000000000000             0.00100000000000000002             0.94749999750638380647             0.01499999999999999944             2.00000000000000000000            52.50000000000000000000             0.00100000000000000002
             1.00000000000000000000             1.00000000000000000000             0.00100000000000000002             0.94649999745888635516             0.01499999999999999944             2.00000000000000000000            53.50000000000000000000             0.00100000000000000002
             1.00000000000000000000             1.00000000000000000000             0.00100000000000000002             0.94549999741138890386             0.01499999999999999944             2.00000000000000000000            54.50000000000000000000             0.00100000000000000002
             1.00000000000000000000             1.00000000000000000000             0.00100000000000000002             0.94449999736389145255             0.01499999999999999944             2.00000000000000000000            55.50000000000000000000             0.00100000000000000002
             1.00000000000000000000             1.00000000000000000000             0.00100000000000000002             0.94349999731639400125             0.01499999999999999944             2.00000000000000000000            56.50000000000000000000             0.00100000000000000002
             1.00000000000000000000             1.00000000000000000000             0.00100000000000000002             0.94249999726889654994             0.01499999999999999944             2.00000000000000000000            57.50000000000000000000             0.00100000000000000002
             1.00000000000000000000             1.00000000000000000000             0.00100000000000000002             0.94149999722139909863             0.01499999999999999944             2.00000000000000000000            58.50000000000000000000             0.00100000000000000002
             1.00000000000000000000             1.00000000000000000000             0.00100000000000000002             0.94049999717390164733             0.01499999999999999944             2.00000000000000000000            59.50000000000000000000             0.00100000000000000002
             1.00000000000000000000             1.00000000000000000000             0.00100000000000000002             0.93949999712640419602             0.01499999999999999944             2.00000000000000000000            60.50000000000000000000             0.00100000000000000002
             1.00000000000000000000             1.00000000000000000000             0.00100000000000000002             0.93849999707890674472             0.01499999999999999944             2.00000000000000000000            61.50000000000000000000             0.00100000000000000002
             1.00000000000000000000             1.00000000000000000000             0.00100000000000000002             0.93749999703140929341             0.01499999999999999944             2.00000000000000000000            62.50000000000000000000             0.00100000000000000002
             1.00000000000000000000             1.00000000000000000000             0.00100000000000000002             0.93649999698391184211             0.01499999999999999944             2.00000000000000000000            63.50000000000000000000             0.00100000000000000002
             1.00000000000000000000             1.00000000000000000000             0.00100000000000000002             0.93549999693641439080             0.01499999999999999944             2.00000000000000000000            64.50000000000000000000             0.00100000000000000002
             1.00000000000000000000             1.00000000000000000000             0.00100000000000000002             0.93449999688891693950             0.01499999999999999944             2.00000000000000000000            65.50000000000000000000             0.00100000000000000002
             1.00000000000000000000             1.00000000000000000000             0.00100000000000000002             0.93349999684141948819             0.01499999999999999944             2.00000000000000000000            66.50000000000000000000             0.00100000000000000002
             1.00000000000000000000             1.00000000000000000000             0.00100000000000000002             0.93249999679392203689             0.01499999999999999944             2.00000000000000000000            67.50000000000000000000             0.00100000000000000002
             1.00000000000000000000             1.00000000000000000000             0.00100000000000000002             0.93149999674642458558             0.01499999999999999944             2.00000000000000000000            68.50000000000000000000             0.00100000000000000002
             1.00000000000000000000             1.00000000000000000000             0.00100000000000000002             0.93049999669892713428             0.01499999999999999944             2.00000000000000000000            69.50000000000000000000             0.00100000000000000002
             1.00000000000000000000             1.00000000000000000000             0.00100000000000000002             0.92949999665142968297             0.01499999999999999944             2.00000000000000000000            70.50000000000000000000             0.00100000000000000002
             1.00000000000000000000             1.00000000000000000000             0.00100000000000000002             0.92849999660393223166             0.01499999999999999944             2.00000000000000000000            71.50000000000000000000             0.00100000000000000002
             1.00000000000000000000             1.00000000000000000000             0.00100000000000000002             0.92749999655643478036             0.01499999999999999944             2.00000000000000000000            72.50000000000000000000             0.00100000000000000002
             1.00000000000000000000             1.00000000000000000000             0.00100000000000000002             0.92649999650893732905             0.01499999999999999944             2.00000000000000000000            73.50000000000000000000             0.00100000000000000002
             1.00000000000000000000             1.00000000000000000000             0.00100000000000000002             0.92549999646143987775             0.01499999999999999944             2.00000000000000000000            74.50000000000000000000             0.00100000000000000002
             1.00000000000000000000             1.00000000000000000000             0.00100000000000000002             0.92449999641394242644             0.01499999999999999944             2.00000000000000000000            75.50000000000000000000             0.00100000000000000002
             1.00000000000000000000             1.00000000000000000000             0.00100000000000000002             0.92349999636644497514             0.01499999999999999944             2.00000000000000000000            76.50000000000000000000             0.00100000000000000002
             1.00000000000000000000             1.00000000000000000000             0.00100000000000000002             0.92249999631894752383             0.01499999999999999944             2.00000000000000000000            77.50000000000000000000             0.00100000000000000002
             1.00000000000000000000             1.00000000000000000000             0.00100000000000000002             0.92149999627145007253             0.01499999999999999944             2.00000000000000000000            78.50000000000000000000             0.00100000000000000002
             1.00000000000000000000             1.00000000000000000000             0.00100000000000000002             0.92049999622395262122             0.01499999999999999944             2.00000000000000000000            79.50000000000000000000             0.00100000000000000002
             1.00000000000000000000             1.00000000000000000000             0.00100000000000000002             0.91949999617645516992             0.01499999999999999944             2.00000000000000000000            80.50000000000000000000             0.00100000000000000002
             1.00000000000000000000             1.00000000000000000000             0.00100000000000000002             0.91849999612895771861             0.01499999999999999944             2.00000000000000000000            81.50000000000000000000             0.00100000000000000002
             1.00000000000000000000             1.00000000000000000000             0.00100000000000000002             0.91749999608146026731             0.01499999999999999944             2.00000000000000000000            82.50000000000000000000             0.00100000000000000002
             1.00000000000000000000             1.00000000000000000000             0.00100000000000000002             0.91649999603396281600             0.01499999999999999944             2.00000000000000000000            83.50000000000000000000             0.00100000000000000002
             1.00000000000000000000             1.00000000000000000000             0.00100000000000000002             0.91549999598646536469             0.01499999999999999944             2.00000000000000000000            84.50000000000000000000             0.00100000000000000002
             1.00000000000000000000             1.00000000000000000000             0.00100000000000000002             0.91449999593896791339             0.01499999999999999944             2.00000000000000000000            85.50000000000000000000             0.00100000000000000002
             1.00000000000000000000             1.00000000000000000000             0.00100000000000000002             0.91349999589147046208             0.01499999999999999944             2.00000000000000000000            86.50000000000000000000             0.00100000000000000002
             1.00000000000000000000             1.00000000000000000000             0.00100000000000000002             0.91249999584397301078             0.01499999999999999944             2.00000000000000000000            87.50000000000000000000             0.00100000000000000002
             1.00000000000000000000             1.00000000000000000000             0.00100000000000000002             0.91149999579647555947             0.01499999999999999944             2.00000000000000000000            88.50000000000000000000             0.00100000000000000002
             1.00000000000000000000             1.00000000000000000000             0.00100000000000000002             0.91049999574897810817             0.01499999999999999944             2.00000000000000000000            89.50000000000000000000             0.00100000000000000002
             1.00000000000000000000             1.00000000000000000000             0.00100000000000000002             0.90949999570148065686             0.01499999999999999944             2.00000000000000000000            90.50000000000000000000             0.00100000000000000002
             1.00000000000000000000             1.00000000000000000000             0.00100000000000000002             0.90849999565398320556             0.01499999999999999944             2.00000000000000000000            91.50000000000000000000             0.00100000000000000002
             1.00000000000000000000             1.00000000000000000000             0.00100000000000000002             0.90749999560648575425             0.01499999999999999944             2.00000000000000000000            92.50000000000000000000             0.00100000000000000002
             1.00000000000000000000             1.00000000000000000000             0.00100000000000000002             0.90649999555898830295             0.01499999999999999944             2.00000000000000000000            93.50000000000000000000             0.00100000000000000002
             1.00000000000000000000             1.00000000000000000000             0.00100000000000000002             0.90549999551149085164             0.01499999999999999944             2.00000000000000000000            94.50000000000000000000             0.00100000000000000002
             1.00000000000000000000             1.00000000000000000000             0.00100000000000000002             0.90449999546399340034             0.01499999999999999944             2.00000000000000000000            95.50000000000000000000             0.00100000000000000002
             1.00000000000000000000             1.00000000000000000000             0.00100000000000000002             0.90349999541649594903             0.01499999999999999944             2.00000000000000000000            96.50000000000000000000             0.00100000000000000002
             1.00000000000000000000             1.00000000000000000000             0.00100000000000000002             0.90249999536899849772             0.01499999999999999944             2.00000000000000000000            97.50000000000000000000             0.00100000000000000002
             1.00000000000000000000             1.00000000000000000000             0.00100000000000000002             0.90149999532150104642             0.01499999999999999944             2.00000000000000000000            98.50000000000000000000             0.00100000000000000002
             1.00000000000000000000             1.00000000000000000000             0.00100000000000000002             0.90049999527400359511             0.01499999999999999944             2.00000000000000000000            99.50000000000000000000             0.00100000000000000002
             1.00000000000000000000             1.00000000000000000000             0.00100000000000000002             0.89949999522650614381             0.01499999999999999944             2.00000000000000000000           100.50000000000000000000             0.00100000000000000002
             1.00000000000000000000             1.00000000000000000000             0.00100000000000000002             0.89849999517900869250             0.01499999999999999944             2.00000000000000000000           101.50000000000000000000             0.00100000000000000002
             1.00000000000000000000             1.00000000000000000000             0.00100000000000000002             0.89749999513151124120             0.01499999999999999944             2.00000000000000000000           102.50000000000000000000             0.00100000000000000002
             1.00000000000000000000             1.00000000000000000000             0.00100000000000000002             0.89649999508401378989             0.01499999999999999944             2.00000000000000000000           103.50000000000000000000             0.00100000000000000002
             1.00000000000000000000             1.00000000000000000000             0.00100000000000000002             0.89549999503651633859             0.01499999999999999944             2.00000000000000000000           104.50000000000000000000             0.00100000000000000002
             1.00000000000000000000             1.00000000000000000000             0.00100000000000000002             0.89449999498901888728             0.01499999999999999944             2.00000000000000000000           105.50000000000000000000             0.00100000000000000002
             1.00000000000000000000             1.00000000000000000000             0.00100000000000000002             0.89349999494152143598             0.01499999999999999944             2.00000000000000000000           106.50000000000000000000             0.00100000000000000002
             1.00000000000000000000             1.00000000000000000000             0.00100000000000000002             0.89249999489402398467             0.01499999999999999944             2.00000000000000000000           107.50000000000000000000             0.00100000000000000002
             1.00000000000000000000             1.00000000000000000000             0.00100000000000000002             0.89149999484652653337             0.01499999999999999944             2.00000000000000000000           108.50000000000000000000             0.00100000000000000002
             1.00000000000000000000             1.00000000000000000000             0.00100000000000000002             0.89049999479902908206             0.01499999999999999944             2.00000000000000000000           109.50000000000000000000             0.00100000000000000002
             1.00000000000000000000             1.00000000000000000000             0.00100000000000000002             0.88949999475153163075             0.01499999999999999944             2.00000000000000000000           110.50000000000000000000             0.00100000000000000002
             1.00000000000000000000             1.00000000000000000000             0.00100000000000000002             0.88849999470403417945             0.01499999999999999944             2.00000000000000000000           111.50000000000000000000             0.00100000000000000002
             1.00000000000000000000             1.00000000000000000000             0.00100000000000000002             0.88749999465653672814             0.01499999999999999944             2.00000000000000000000           112.50000000000000000000             0.00100000000000000002
             1.00000000000000000000             1.00000000000000000000             0.00100000000000000002             0.88649999460903927684             0.01499999999999999944             2.00000000000000000000           113.50000000000000000000             0.00100000000000000002
             1.00000000000000000000             1.00000000000000000000             0.00100000000000000002             0.88549999456154182553             0.01499999999999999944             2.00000000000000000000           114.50000000000000000000             0.00100000000000000002
             1.00000000000000000000             1.00000000000000000000             0.00100000000000000002             0.88449999451404437423             0.01499999999999999944             2.00000000000000000000           115.50000000000000000000             0.00100000000000000002
             1.00000000000000000000             1.00000000000000000000             0.00100000000000000002             0.88349999446654692292             0.01499999999999999944             2.00000000000000000000           116.50000000000000000000             0.00100000000000000002
             1.00000000000000000000             1.00000000000000000000             0.00100000000000000002             0.88249999441904947162             0.01499999999999999944             2.00000000000000000000           117.50000000000000000000             0.00100000000000000002
             1.00000000000000000000             1.00000000000000000000             0.00100000000000000002             0.88149999437155202031             0.01499999999999999944             2.00000000000000000000           118.50000000000000000000             0.00100000000000000002
             1.00000000000000000000             1.00000000000000000000             0.00100000000000000002             0.88049999432405456901             0.01499999999999999944             2.00000000000000000000           119.50000000000000000000             0.00100000000000000002
             1.00000000000000000000             1.00000000000000000000             0.00100000000000000002             0.87949999427655711770             0.01499999999999999944             2.00000000000000000000           120.50000000000000000000             0.00100000000000000002
             1.00000000000000000000             1.00000000000000000000             0.00100000000000000002             0.87849999422905966640             0.01499999999999999944             2.00000000000000000000           121.50000000000000000000             0.00100000000000000002
             1.00000000000000000000             1.00000000000000000000             0.00100000000000000002             0.87749999418156221509             0.01499999999999999944             2.00000000000000000000           122.50000000000000000000             0.00100000000000000002
             1.00000000000000000000             1.00000000000000000000             0.00100000000000000002             0.87649999413406476378             0.01499999999999999944             2.00000000000000000000           123.50000000000000000000             0.00100000000000000002
             1.00000000000000000000             1.00000000000000000000             0.00100000000000000002             0.87549999408656731248             0.01499999999999999944             2.00000000000000000000           124.50000000000000000000             0.00100000000000000002
             0.00100000000000000002
