                    125
             0.05000000
             0.05000000074505805969             0.00000000000000000000             0.00000000000000000000             0.00000000000000000000             1.00000000000000000000             0.02500000037252902985             0.00000000000000000000             0.00000000000000000000             0.00000000000000000000             0.00000000000000000000             0.05000000074505805969
             0.05000000074505805969             0.00000000000000000000             0.00000000000000000000             0.00000000000000000000             1.00000000000000000000             0.07500000111758708954             0.00000000000000000000             0.00000000000000000000             0.00000000000000000000             0.10000000149011611938             0.15000000223517417908
             0.05000000074505805969             0.00000000000000000000             0.00000000000000000000             0.00000000000000000000             1.00000000000000000000             0.12500000186264514923             0.00000000000000000000             0.00000000000000000000             0.00000000000000000000             0.20000000298023223877             0.25000000372529029846
             0.05000000074505805969             0.00000000000000000000             0.00000000000000000000             0.00000000000000000000             1.00000000000000000000             0.17500000260770320892             0.00000000000000000000             0.00000000000000000000             0.00000000000000000000             0.30000000447034835815             0.35000000521540641785
             0.05000000074505805969             0.00000000000000000000             0.00000000000000000000             0.00000000000000000000             1.00000000000000000000             0.22500000335276126862             0.00000000000000000000             0.00000000000000000000             0.00000000000000000000             0.40000000596046447754             0.45000000670552253723
             0.05000000074505805969             0.00000000000000000000             0.00000000000000000000             0.00000000000000000000             1.00000000000000000000             0.27500000409781932831             0.00000000000000000000             0.00000000000000000000             0.00000000000000000000             0.50000000745058059692             0.55000000819563865662
             0.05000000074505805969             0.00000000000000000000             0.00000000000000000000             0.00000000000000000000             1.00000000000000000000             0.32500000484287738800             0.00000000000000000000             0.00000000000000000000             0.00000000000000000000             0.60000000894069671631             0.65000000968575477600
             0.05000000074505805969             0.00000000000000000000             0.00000000000000000000             0.00000000000000000000             1.00000000000000000000             0.37500000558793544769             0.00000000000000000000             0.00000000000000000000             0.00000000000000000000             0.70000001043081283569             0.75000001117587089539
             0.05000000074505805969             0.00000000000000000000             0.00000000000000000000             0.00000000000000000000             1.00000000000000000000             0.42500000633299350739             0.00000000000000000000             0.00000000000000000000             0.00000000000000000000             0.80000001192092895508             0.85000001266598701477
             0.05000000074505805969             0.00000000000000000000             0.00000000000000000000             0.00000000000000000000             1.00000000000000000000             0.47500000707805156708             0.00000000000000000000             0.00000000000000000000             0.00000000000000000000             0.90000001341104507446             0.95000001415610313416
             0.05000000074505805969             0.00000000000000000000             0.00000000000000000000             0.00000000000000000000             1.00000000000000000000             0.52500000782310962677             0.00000000000000000000             0.00000000000000000000             0.00000000000000000000             1.00000001490116119385             1.05000001564621925354
             0.05000000074505805969             0.00000000000000000000             0.00000000000000000000             0.00000000000000000000             1.00000000000000000000             0.57500000856816768646             0.00000000000000000000             0.00000000000000000000             0.00000000000000000000             1.10000001639127731323             1.15000001713633537292
             0.05000000074505805969             0.00000000000000000000             0.00000000000000000000             0.00000000000000000000             1.00000000000000000000             0.62500000931322574615             0.00000000000000000000             0.00000000000000000000             0.00000000000000000000             1.20000001788139343262             1.25000001862645149231
             0.05000000074505805969             0.00000000000000000000             0.00000000000000000000             0.00000000000000000000             1.00000000000000000000             0.67500001005828380585             0.00000000000000000000             0.00000000000000000000             0.00000000000000000000             1.30000001937150955200             1.35000002011656761169
             0.05000000074505805969             0.00000000000000000000             0.00000000000000000000             0.00000000000000000000             1.00000000000000000000             0.72500001080334186554             0.00000000000000000000             0.00000000000000000000             0.00000000000000000000             1.40000002086162567139             1.45000002160668373108
             0.05000000074505805969             0.00000000000000000000             0.00000000000000000000             0.00000000000000000000             1.00000000000000000000             0.77500001154839992523             0.00000000000000000000             0.00000000000000000000             0.00000000000000000000             1.50000002235174179077             1.55000002309679985046
             0.05000000074505805969             0.00000000000000000000             0.00000000000000000000             0.00000000000000000000             1.00000000000000000000             0.82500001229345798492             0.00000000000000000000             0.00000000000000000000             0.00000000000000000000             1.60000002384185791016             1.65000002458691596985
             0.05000000074505805969             0.00000000000000000000             0.00000000000000000000             0.00000000000000000000             1.00000000000000000000             0.87500001303851604462             0.00000000000000000000             0.00000000000000000000             0.00000000000000000000             1.70000002533197402954             1.75000002607703208923
             0.05000000074505805969             0.00000000000000000000             0.00000000000000000000             0.00000000000000000000             1.00000000000000000000             0.92500001378357410431             0.00000000000000000000             0.00000000000000000000             0.00000000000000000000             1.80000002682209014893             1.85000002756714820862
             0.05000000074505805969             0.00000000000000000000             0.00000000000000000000             0.00000000000000000000             1.00000000000000000000             0.97500001452863216400             0.00000000000000000000             0.00000000000000000000             0.00000000000000000000             1.90000002831220626831             1.95000002905726432800
             0.05000000074505805969             0.00000000000000000000             0.00000000000000000000             0.00000000000000000000             1.00000000000000000000             1.02500001527369022369             0.00000000000000000000             0.00000000000000000000             0.00000000000000000000             2.00000002980232238770             2.05000003054738044739
             0.05000000074505805969             0.00000000000000000000             0.00000000000000000000             0.00000000000000000000             1.00000000000000000000             1.07500001601874828339             0.00000000000000000000             0.00000000000000000000             0.00000000000000000000             2.10000003129243850708             2.15000003203749656677
             0.05000000074505805969             0.00000000000000000000             0.00000000000000000000             0.00000000000000000000             1.00000000000000000000             1.12500001676380634308             0.00000000000000000000             0.00000000000000000000             0.00000000000000000000             2.20000003278255462646             2.25000003352761268616
             0.05000000074505805969             0.00000000000000000000             0.00000000000000000000             0.00000000000000000000             1.00000000000000000000             1.17500001750886440277             0.00000000000000000000             0.00000000000000000000             0.00000000000000000000             2.30000003427267074585             2.35000003501772880554
             0.05000000074505805969             0.00000000000000000000             0.00000000000000000000             0.00000000000000000000             1.00000000000000000000             1.22500001825392246246             0.00000000000000000000             0.00000000000000000000             0.00000000000000000000             2.40000003576278686523             2.45000003650784492493
             0.05000000074505805969             0.00000000000000000000             0.00000000000000000000             0.00000000000000000000             1.00000000000000000000             1.27500001899898052216             0.00000000000000000000             0.00000000000000000000             0.00000000000000000000             2.50000003725290298462             2.55000003799796104431
             0.05000000074505805969             0.00000000000000000000             0.00000000000000000000             0.00000000000000000000             1.00000000000000000000             1.32500001974403858185             0.00000000000000000000             0.00000000000000000000             0.00000000000000000000             2.60000003874301910400             2.65000003948807716370
             0.05000000074505805969             0.00000000000000000000             0.00000000000000000000             0.00000000000000000000             1.00000000000000000000             1.37500002048909664154             0.00000000000000000000             0.00000000000000000000             0.00000000000000000000             2.70000004023313522339             2.75000004097819328308
             0.05000000074505805969             0.00000000000000000000             0.00000000000000000000             0.00000000000000000000             1.00000000000000000000             1.42500002123415470123             0.00000000000000000000             0.00000000000000000000             0.00000000000000000000             2.80000004172325134277             2.85000004246830940247
             0.05000000074505805969             0.00000000000000000000             0.00000000000000000000             0.00000000000000000000             1.00000000000000000000             1.47500002197921276093             0.00000000000000000000             0.00000000000000000000             0.00000000000000000000             2.90000004321336746216             2.95000004395842552185
             0.05000000074505805969             0.00000000000000000000             0.00000000000000000000             0.00000000000000000000             1.00000000000000000000             1.52500002272427082062             0.00000000000000000000             0.00000000000000000000             0.00000000000000000000             3.00000004470348358154             3.05000004544854164124
             0.05000000074505805969             0.00000000000000000000             0.00000000000000000000             0.00000000000000000000             1.00000000000000000000             1.57500002346932888031             0.00000000000000000000             0.00000000000000000000             0.00000000000000000000             3.10000004619359970093             3.15000004693865776062
             0.05000000074505805969             0.00000000000000000000             0.00000000000000000000             0.00000000000000000000             1.00000000000000000000             1.62500002421438694000             0.00000000000000000000             0.00000000000000000000             0.00000000000000000000             3.20000004768371582031             3.25000004842877388000
             0.05000000074505805969             0.00000000000000000000             0.00000000000000000000             0.00000000000000000000             1.00000000000000000000             1.67500002495944499969             0.00000000000000000000             0.00000000000000000000             0.00000000000000000000             3.30000004917383193970             3.35000004991888999939
             0.05000000074505805969             0.00000000000000000000             0.00000000000000000000             0.00000000000000000000             1.00000000000000000000             1.72500002570450305939             0.00000000000000000000             0.00000000000000000000             0.00000000000000000000             3.40000005066394805908             3.45000005140900611877
             0.05000000074505805969             0.00000000000000000000             0.00000000000000000000             0.00000000000000000000             1.00000000000000000000             1.77500002644956111908             0.00000000000000000000             0.00000000000000000000             0.00000000000000000000             3.50000005215406417847             3.55000005289912223816
             0.05000000074505805969             0.00000000000000000000             0.00000000000000000000             0.00000000000000000000             1.00000000000000000000             1.82500002719461917877             0.00000000000000000000             0.00000000000000000000             0.00000000000000000000             3.60000005364418029785             3.65000005438923835754
             0.05000000074505805969             0.00000000000000000000             0.00000000000000000000             0.00000000000000000000             1.00000000000000000000             1.87500002793967723846             0.00000000000000000000             0.00000000000000000000             0.00000000000000000000             3.70000005513429641724             3.75000005587935447693
             0.05000000074505805969             0.00000000000000000000             0.00000000000000000000             0.00000000000000000000             1.00000000000000000000             1.92500002868473529816             0.00000000000000000000             0.00000000000000000000             0.00000000000000000000             3.80000005662441253662             3.85000005736947059631
             0.05000000074505805969             0.00000000000000000000             0.00000000000000000000             0.00000000000000000000             1.00000000000000000000             1.97500002942979335785             0.00000000000000000000             0.00000000000000000000             0.00000000000000000000             3.90000005811452865601             3.95000005885958671570
             0.05000000074505805969             0.00000000000000000000             0.00000000000000000000             0.00000000000000000000             1.00000000000000000000             2.02500003017485141754             0.00000000000000000000             0.00000000000000000000             0.00000000000000000000             4.00000005960464477539             4.05000006034970283508
             0.05000000074505805969             0.00000000000000000000             0.00000000000000000000             0.00000000000000000000             1.00000000000000000000             2.07500003091990947723             0.00000000000000000000             0.00000000000000000000             0.00000000000000000000             4.10000006109476089478             4.15000006183981895447
             0.05000000074505805969             0.00000000000000000000             0.00000000000000000000             0.00000000000000000000             1.00000000000000000000             2.12500003166496753693             0.00000000000000000000             0.00000000000000000000             0.00000000000000000000             4.20000006258487701416             4.25000006332993507385
             0.05000000074505805969             0.00000000000000000000             0.00000000000000000000             0.00000000000000000000             1.00000000000000000000             2.17500003241002559662             0.00000000000000000000             0.00000000000000000000             0.00000000000000000000             4.30000006407499313354             4.35000006482005119324
             0.05000000074505805969             0.00000000000000000000             0.00000000000000000000             0.00000000000000000000             1.00000000000000000000             2.22500003315508365631             0.00000000000000000000             0.00000000000000000000             0.00000000000000000000             4.40000006556510925293             4.45000006631016731262
             0.05000000074505805969             0.00000000000000000000             0.00000000000000000000             0.00000000000000000000             1.00000000000000000000             2.27500003390014171600             0.00000000000000000000             0.00000000000000000000             0.00000000000000000000             4.50000006705522537231             4.55000006780028343201
             0.05000000074505805969             0.00000000000000000000             0.00000000000000000000             0.00000000000000000000             1.00000000000000000000             2.32500003464519977570             0.00000000000000000000             0.00000000000000000000             0.00000000000000000000             4.60000006854534149170             4.65000006929039955139
             0.05000000074505805969             0.00000000000000000000             0.00000000000000000000             0.00000000000000000000             1.00000000000000000000             2.37500003539025783539             0.00000000000000000000             0.00000000000000000000             0.00000000000000000000             4.70000007003545761108             4.75000007078051567078
             0.05000000074505805969             0.00000000000000000000             0.00000000000000000000             0.00000000000000000000             1.00000000000000000000             2.42500003613531589508             0.00000000000000000000             0.00000000000000000000             0.00000000000000000000             4.80000007152557373047             4.85000007227063179016
             0.05000000074505805969             0.00000000000000000000             0.00000000000000000000             0.00000000000000000000             1.00000000000000000000             2.47500003688037395477             0.00000000000000000000             0.00000000000000000000             0.00000000000000000000             4.90000007301568984985             4.95000007376074790955
             0.05000000074505805969             0.00000000000000000000             0.00000000000000000000             0.00000000000000000000             1.00000000000000000000             2.52500003762543201447             0.00000000000000000000             0.00000000000000000000             0.00000000000000000000             5.00000007450580596924             5.05000007525086402893
             0.05000000074505805969             0.00000000000000000000             0.00000000000000000000             0.00000000000000000000             1.00000000000000000000             2.57500003837049007416             0.00000000000000000000             0.00000000000000000000             0.00000000000000000000             5.10000007599592208862             5.15000007674098014832
             0.05000000074505805969             0.00000000000000000000             0.00000000000000000000             0.00000000000000000000             1.00000000000000000000             2.62500003911554813385             0.00000000000000000000             0.00000000000000000000             0.00000000000000000000             5.20000007748603820801             5.25000007823109626770
             0.05000000074505805969             0.00000000000000000000             0.00000000000000000000             0.00000000000000000000             1.00000000000000000000             2.67500003986060619354             0.00000000000000000000             0.00000000000000000000             0.00000000000000000000             5.30000007897615432739             5.35000007972121238708
             0.05000000074505805969             0.00000000000000000000             0.00000000000000000000             0.00000000000000000000             1.00000000000000000000             2.72500004060566425323             0.00000000000000000000             0.00000000000000000000             0.00000000000000000000             5.40000008046627044678             5.45000008121132850647
             0.05000000074505805969             0.00000000000000000000             0.00000000000000000000             0.00000000000000000000             1.00000000000000000000             2.77500004135072231293             0.00000000000000000000             0.00000000000000000000             0.00000000000000000000             5.50000008195638656616             5.55000008270144462585
             0.05000000074505805969             0.00000000000000000000             0.00000000000000000000             0.00000000000000000000             1.00000000000000000000             2.82500004209578037262             0.00000000000000000000             0.00000000000000000000             0.00000000000000000000             5.60000008344650268555             5.65000008419156074524
             0.05000000074505805969             0.00000000000000000000             0.00000000000000000000             0.00000000000000000000             1.00000000000000000000             2.87500004284083843231             0.00000000000000000000             0.00000000000000000000             0.00000000000000000000             5.70000008493661880493             5.75000008568167686462
             0.05000000074505805969             0.00000000000000000000             0.00000000000000000000             0.00000000000000000000             1.00000000000000000000             2.92500004358589649200             0.00000000000000000000             0.00000000000000000000             0.00000000000000000000             5.80000008642673492432             5.85000008717179298401
             0.05000000074505805969             0.00000000000000000000             0.00000000000000000000             0.00000000000000000000             1.00000000000000000000             2.97500004433095455170             0.00000000000000000000             0.00000000000000000000             0.00000000000000000000             5.90000008791685104370             5.95000008866190910339
             0.05000000074505805969             0.00000000000000000000             0.00000000000000000000             0.00000000000000000000             1.00000000000000000000             3.02500004507601261139             0.00000000000000000000             0.00000000000000000000             0.00000000000000000000             6.00000008940696716309             6.05000009015202522278
             0.05000000074505805969             0.00000000000000000000             0.00000000000000000000             0.00000000000000000000             1.00000000000000000000             3.07500004582107067108             0.00000000000000000000             0.00000000000000000000             0.00000000000000000000             6.10000009089708328247             6.15000009164214134216
             0.05000000074505805969             0.00000000000000000000             0.00000000000000000000             0.00000000000000000000             1.00000000000000000000             3.12500004656612873077             0.00000000000000000000             0.00000000000000000000             0.00000000000000000000             6.20000009238719940186             6.25000009313225746155
             0.05000000074505805969             0.00000000000000000000             0.00000000000000000000             0.00000000000000000000             1.00000000000000000000             3.17500004731118679047             0.00000000000000000000             0.00000000000000000000             0.00000000000000000000             6.30000009387731552124             6.35000009462237358093
             0.05000000074505805969             0.00000000000000000000             0.00000000000000000000             0.00000000000000000000             1.00000000000000000000             3.22500004805624485016             0.00000000000000000000             0.00000000000000000000             0.00000000000000000000             6.40000009536743164063             6.45000009611248970032
             0.05000000074505805969             0.00000000000000000000             0.00000000000000000000             0.00000000000000000000             1.00000000000000000000             3.27500004880130290985             0.00000000000000000000             0.00000000000000000000             0.00000000000000000000             6.50000009685754776001             6.55000009760260581970
             0.05000000074505805969             0.00000000000000000000             0.00000000000000000000             0.00000000000000000000             1.00000000000000000000             3.32500004954636096954             0.00000000000000000000             0.00000000000000000000             0.00000000000000000000             6.60000009834766387939             6.65000009909272193909
             0.05000000074505805969             0.00000000000000000000             0.00000000000000000000             0.00000000000000000000             1.00000000000000000000             3.37500005029141902924             0.00000000000000000000             0.00000000000000000000             0.00000000000000000000             6.70000009983777999878             6.75000010058283805847
             0.05000000074505805969             0.00000000000000000000             0.00000000000000000000             0.00000000000000000000             1.00000000000000000000             3.42500005103647708893             0.00000000000000000000             0.00000000000000000000             0.00000000000000000000             6.80000010132789611816             6.85000010207295417786
             0.05000000074505805969             0.00000000000000000000             0.00000000000000000000             0.00000000000000000000             1.00000000000000000000             3.47500005178153514862             0.00000000000000000000             0.00000000000000000000             0.00000000000000000000             6.90000010281801223755             6.95000010356307029724
             0.05000000074505805969             0.00000000000000000000             0.00000000000000000000             0.00000000000000000000             1.00000000000000000000             3.52500005252659320831             0.00000000000000000000             0.00000000000000000000             0.00000000000000000000             7.00000010430812835693             7.05000010505318641663
             0.05000000074505805969             0.00000000000000000000             0.00000000000000000000             0.00000000000000000000             1.00000000000000000000             3.57500005327165126801             0.00000000000000000000             0.00000000000000000000             0.00000000000000000000             7.10000010579824447632             7.15000010654330253601
             0.05000000074505805969             0.00000000000000000000             0.00000000000000000000             0.00000000000000000000             1.00000000000000000000             3.62500005401670932770             0.00000000000000000000             0.00000000000000000000             0.00000000000000000000             7.20000010728836059570             7.25000010803341865540
             0.05000000074505805969             0.00000000000000000000             0.00000000000000000000             0.00000000000000000000             1.00000000000000000000             3.67500005476176738739             0.00000000000000000000             0.00000000000000000000             0.00000000000000000000             7.30000010877847671509             7.35000010952353477478
             0.05000000074505805969             0.00000000000000000000             0.00000000000000000000             0.00000000000000000000             1.00000000000000000000             3.72500005550682544708             0.00000000000000000000             0.00000000000000000000             0.00000000000000000000             7.40000011026859283447             7.45000011101365089417
             0.05000000074505805969             0.00000000000000000000             0.00000000000000000000             0.00000000000000000000             1.00000000000000000000             3.77500005625188350677             0.00000000000000000000             0.00000000000000000000             0.00000000000000000000             7.50000011175870895386             7.55000011250376701355
             0.05000000074505805969             0.00000000000000000000             0.00000000000000000000             0.00000000000000000000             1.00000000000000000000             3.82500005699694156647             0.00000000000000000000             0.00000000000000000000             0.00000000000000000000             7.60000011324882507324             7.65000011399388313293
             0.05000000074505805969             0.00000000000000000000             0.00000000000000000000             0.00000000000000000000             1.00000000000000000000             3.87500005774199962616             0.00000000000000000000             0.00000000000000000000             0.00000000000000000000             7.70000011473894119263             7.75000011548399925232
             0.05000000074505805969             0.00000000000000000000             0.00000000000000000000             0.00000000000000000000             1.00000000000000000000             3.92500005848705768585             0.00000000000000000000             0.00000000000000000000             0.00000000000000000000             7.80000011622905731201             7.85000011697411537170
             0.05000000074505805969             0.00000000000000000000             0.00000000000000000000             0.00000000000000000000             1.00000000000000000000             3.97500005923211574554             0.00000000000000000000             0.00000000000000000000             0.00000000000000000000             7.90000011771917343140             0.00000000000000000000
             0.05000000074505805969             0.00000000000000000000             0.00000000000000000000             0.00000000000000000000             1.00000000000000000000             4.02500005997717380524             0.00000000000000000000             0.00000000000000000000             0.00000000000000000000             3.97500005923211574554             0.00000000000000000000
             0.05000000074505805969             0.00000000000000000000             0.00000000000000000000             0.00000000000000000000             1.00000000000000000000             4.07500006072223186493             0.00000000000000000000             0.00000000000000000000             0.00000000000000000000             4.02500005997717380524             0.00000000000000000000
             0.05000000074505805969             0.00000000000000000000             0.00000000000000000000             0.00000000000000000000             1.00000000000000000000             4.12500006146728992462             0.00000000000000000000             0.00000000000000000000             0.00000000000000000000             4.07500006072223186493             0.00000000000000000000
             0.05000000074505805969             0.00000000000000000000             0.00000000000000000000             0.00000000000000000000             1.00000000000000000000             4.17500006221234798431             0.00000000000000000000             0.00000000000000000000             0.00000000000000000000             4.12500006146728992462             0.00000000000000000000
             0.05000000074505805969             0.00000000000000000000             0.00000000000000000000             0.00000000000000000000             1.00000000000000000000             4.22500006295740604401             0.00000000000000000000             0.00000000000000000000             0.00000000000000000000             4.17500006221234798431             0.00000000000000000000
             0.05000000074505805969             0.00000000000000000000             0.00000000000000000000             0.00000000000000000000             1.00000000000000000000             4.27500006370246410370             0.00000000000000000000             0.00000000000000000000             0.00000000000000000000             4.22500006295740604401             0.00000000000000000000
             0.05000000074505805969             0.00000000000000000000             0.00000000000000000000             0.00000000000000000000             1.00000000000000000000             4.32500006444752216339             0.00000000000000000000             0.00000000000000000000             0.00000000000000000000             4.27500006370246410370             0.00000000000000000000
             0.05000000074505805969             0.00000000000000000000             0.00000000000000000000             0.00000000000000000000             1.00000000000000000000             4.37500006519258022308             0.00000000000000000000             0.00000000000000000000             0.00000000000000000000             4.32500006444752216339             0.00000000000000000000
             0.05000000074505805969             0.00000000000000000000             0.00000000000000000000             0.00000000000000000000             1.00000000000000000000             4.42500006593763828278             0.00000000000000000000             0.00000000000000000000             0.00000000000000000000             4.37500006519258022308             0.00000000000000000000
             0.05000000074505805969             0.00000000000000000000             0.00000000000000000000             0.00000000000000000000             1.00000000000000000000             4.47500006668269634247             0.00000000000000000000             0.00000000000000000000             0.00000000000000000000             4.42500006593763828278             0.00000000000000000000
             0.05000000074505805969             0.00000000000000000000             0.00000000000000000000             0.00000000000000000000             1.00000000000000000000             4.52500006742775440216             0.00000000000000000000             0.00000000000000000000             0.00000000000000000000             4.47500006668269634247             0.00000000000000000000
             0.05000000074505805969             0.00000000000000000000             0.00000000000000000000             0.00000000000000000000             1.00000000000000000000             4.57500006817281246185             0.00000000000000000000             0.00000000000000000000             0.00000000000000000000             4.52500006742775440216             0.00000000000000000000
             0.05000000074505805969             0.00000000000000000000             0.00000000000000000000             0.00000000000000000000             1.00000000000000000000             4.62500006891787052155             0.00000000000000000000             0.00000000000000000000             0.00000000000000000000             4.57500006817281246185             0.00000000000000000000
             0.05000000074505805969             0.00000000000000000000             0.00000000000000000000             0.00000000000000000000             1.00000000000000000000             4.67500006966292858124             0.00000000000000000000             0.00000000000000000000             0.00000000000000000000             4.62500006891787052155             0.00000000000000000000
             0.05000000074505805969             0.00000000000000000000             0.00000000000000000000             0.00000000000000000000             1.00000000000000000000             4.72500007040798664093             0.00000000000000000000             0.00000000000000000000             0.00000000000000000000             4.67500006966292858124             0.00000000000000000000
             0.05000000074505805969             0.00000000000000000000             0.00000000000000000000             0.00000000000000000000             1.00000000000000000000             4.77500007115304470062             0.00000000000000000000             0.00000000000000000000             0.00000000000000000000             4.72500007040798664093             0.00000000000000000000
             0.05000000074505805969             0.00000000000000000000             0.00000000000000000000             0.00000000000000000000             1.00000000000000000000             4.82500007189810276031             0.00000000000000000000             0.00000000000000000000             0.00000000000000000000             4.77500007115304470062             0.00000000000000000000
             0.05000000074505805969             0.00000000000000000000             0.00000000000000000000             0.00000000000000000000             1.00000000000000000000             4.87500007264316082001             0.00000000000000000000             0.00000000000000000000             0.00000000000000000000             4.82500007189810276031             0.00000000000000000000
             0.05000000074505805969             0.00000000000000000000             0.00000000000000000000             0.00000000000000000000             1.00000000000000000000             4.92500007338821887970             0.00000000000000000000             0.00000000000000000000             0.00000000000000000000             4.87500007264316082001             0.00000000000000000000
             0.05000000074505805969             0.00000000000000000000             0.00000000000000000000             0.00000000000000000000             1.00000000000000000000             4.97500007413327693939             0.00000000000000000000             0.00000000000000000000             0.00000000000000000000             4.92500007338821887970             0.00000000000000000000
             0.05000000074505805969             0.00000000000000000000             0.00000000000000000000             0.00000000000000000000             1.00000000000000000000             5.02500007487833499908             0.00000000000000000000             0.00000000000000000000             0.00000000000000000000             4.97500007413327693939             0.00000000000000000000
             0.05000000074505805969             0.00000000000000000000             0.00000000000000000000             0.00000000000000000000             1.00000000000000000000             5.07500007562339305878             0.00000000000000000000             0.00000000000000000000             0.00000000000000000000             5.02500007487833499908             0.00000000000000000000
             0.05000000074505805969             0.00000000000000000000             0.00000000000000000000             0.00000000000000000000             1.00000000000000000000             5.12500007636845111847             0.00000000000000000000             0.00000000000000000000             0.00000000000000000000             5.07500007562339305878             0.00000000000000000000
             0.05000000074505805969             0.00000000000000000000             0.00000000000000000000             0.00000000000000000000             1.00000000000000000000             5.17500007711350917816             0.00000000000000000000             0.00000000000000000000             0.00000000000000000000             5.12500007636845111847             0.00000000000000000000
             0.05000000074505805969             0.00000000000000000000             0.00000000000000000000             0.00000000000000000000             1.00000000000000000000             5.22500007785856723785             0.00000000000000000000             0.00000000000000000000             0.00000000000000000000             5.17500007711350917816             0.00000000000000000000
             0.05000000074505805969             0.00000000000000000000             0.00000000000000000000             0.00000000000000000000             1.00000000000000000000             5.27500007860362529755             0.00000000000000000000             0.00000000000000000000             0.00000000000000000000             5.22500007785856723785             0.00000000000000000000
             0.05000000074505805969             0.00000000000000000000             0.00000000000000000000             0.00000000000000000000             1.00000000000000000000             5.32500007934868335724             0.00000000000000000000             0.00000000000000000000             0.00000000000000000000             5.27500007860362529755             0.00000000000000000000
             0.05000000074505805969             0.00000000000000000000             0.00000000000000000000             0.00000000000000000000             1.00000000000000000000             5.37500008009374141693             0.00000000000000000000             0.00000000000000000000             0.00000000000000000000             5.32500007934868335724             0.00000000000000000000
             0.05000000074505805969             0.00000000000000000000             0.00000000000000000000             0.00000000000000000000             1.00000000000000000000             5.42500008083879947662             0.00000000000000000000             0.00000000000000000000             0.00000000000000000000             5.37500008009374141693             0.00000000000000000000
             0.05000000074505805969             0.00000000000000000000             0.00000000000000000000             0.00000000000000000000             1.00000000000000000000             5.47500008158385753632             0.00000000000000000000             0.00000000000000000000             0.00000000000000000000             5.42500008083879947662             0.00000000000000000000
             0.05000000074505805969             0.00000000000000000000             0.00000000000000000000             0.00000000000000000000             1.00000000000000000000             5.52500008232891559601             0.00000000000000000000             0.00000000000000000000             0.00000000000000000000             5.47500008158385753632             0.00000000000000000000
             0.05000000074505805969             0.00000000000000000000             0.00000000000000000000             0.00000000000000000000             1.00000000000000000000             5.57500008307397365570             0.00000000000000000000             0.00000000000000000000             0.00000000000000000000             5.52500008232891559601             0.00000000000000000000
             0.05000000074505805969             0.00000000000000000000             0.00000000000000000000             0.00000000000000000000             1.00000000000000000000             5.62500008381903171539             0.00000000000000000000             0.00000000000000000000             0.00000000000000000000             5.57500008307397365570             0.00000000000000000000
             0.05000000074505805969             0.00000000000000000000             0.00000000000000000000             0.00000000000000000000             1.00000000000000000000             5.67500008456408977509             0.00000000000000000000             0.00000000000000000000             0.00000000000000000000             5.62500008381903171539             0.00000000000000000000
             0.05000000074505805969             0.00000000000000000000             0.00000000000000000000             0.00000000000000000000             1.00000000000000000000             5.72500008530914783478             0.00000000000000000000             0.00000000000000000000             0.00000000000000000000             5.67500008456408977509             0.00000000000000000000
             0.05000000074505805969             0.00000000000000000000             0.00000000000000000000             0.00000000000000000000             1.00000000000000000000             5.77500008605420589447             0.00000000000000000000             0.00000000000000000000             0.00000000000000000000             5.72500008530914783478             0.00000000000000000000
             0.05000000074505805969             0.00000000000000000000             0.00000000000000000000             0.00000000000000000000             1.00000000000000000000             5.82500008679926395416             0.00000000000000000000             0.00000000000000000000             0.00000000000000000000             5.77500008605420589447             0.00000000000000000000
             0.05000000074505805969             0.00000000000000000000             0.00000000000000000000             0.00000000000000000000             1.00000000000000000000             5.87500008754432201385             0.00000000000000000000             0.00000000000000000000             0.00000000000000000000             5.82500008679926395416             0.00000000000000000000
             0.05000000074505805969             0.00000000000000000000             0.00000000000000000000             0.00000000000000000000             1.00000000000000000000             5.92500008828938007355             0.00000000000000000000             0.00000000000000000000             0.00000000000000000000             5.87500008754432201385             0.00000000000000000000
             0.05000000074505805969             0.00000000000000000000             0.00000000000000000000             0.00000000000000000000             1.00000000000000000000             5.97500008903443813324             0.00000000000000000000             0.00000000000000000000             0.00000000000000000000             5.92500008828938007355             0.00000000000000000000
             0.05000000074505805969             0.00000000000000000000             0.00000000000000000000             0.00000000000000000000             1.00000000000000000000             6.02500008977949619293             0.00000000000000000000             0.00000000000000000000             0.00000000000000000000            12.00000000000000000000            12.05000000074505805969
             0.05000000074505805969             0.00000000000000000000             0.00000000000000000000             0.00000000000000000000             1.00000000000000000000             6.07500009052455425262             0.00000000000000000000             0.00000000000000000000             0.00000000000000000000            12.10000000149011611938            12.15000000223517417908
             0.05000000074505805969             0.00000000000000000000             0.00000000000000000000             0.00000000000000000000             1.00000000000000000000             6.12500009126961231232             0.00000000000000000000             0.00000000000000000000             0.00000000000000000000            12.20000000298023223877            12.25000000372529029846
             0.05000000074505805969             0.00000000000000000000             0.00000000000000000000             0.00000000000000000000             1.00000000000000000000             6.17500009201467037201             0.00000000000000000000             0.00000000000000000000             0.00000000000000000000            12.30000000447034835815            12.35000000521540641785
             0.05000000074505805969             0.00000000000000000000             0.00000000000000000000             0.00000000000000000000             1.00000000000000000000             6.22500009275972843170             0.00000000000000000000             0.00000000000000000000             0.00000000000000000000            12.40000000596046447754            12.45000000670552253723
             0.00000000000000000000
