                    272                      3                      3                     15
                      3                      3                      5                      3                      5
           7          -1          -1           1           3           1           0         135          -1          -1          14          -1          -1           3             0.00000000000000000000             1.00000000000000000000             3.21348325384946109651             8.00000000000000000000             4.00000000000000000000             0.00000000000000000000
             3.21348325384946109651            -0.00100000000000000002            -0.00100000000000000002             4.34542200938196465643             1.60674162692473054825
             3.21348325384946109651            -0.00100000000000000002            -0.00100000000000000002             4.34220852612811558657             4.82022488077419186681
             3.21348325384946109651            -0.00100000000000000002            -0.00100000000000000002             4.33899504287426651672             8.03370813462365340740
             3.21348325384946109651            -0.00100000000000000002            -0.00100000000000000002             4.33578155962041744687            11.24719138847311405982
             3.21348325384946109651            -0.00100000000000000002            -0.00100000000000000002             4.33256807636656837701            14.46067464232257471224
             3.21348325384946109651            -0.00100000000000000002            -0.00100000000000000002             4.32935459311271930716            17.67415789617203714101
             3.21348325384946109651            -0.00100000000000000002            -0.00100000000000000002             4.32614110985887023730            20.88764115002149779343
             3.21348325384946109651            -0.00100000000000000002            -0.00100000000000000002             4.32292762660502116745            24.10112440387095844585
             3.21348325384946109651            -0.00100000000000000002            -0.00100000000000000002             4.31971414335117209760            27.31460765772041909827
             3.21348325384946109651            -0.00100000000000000002            -0.00100000000000000002             4.31650066009732302774            30.52809091156987975069
             3.21348325384946109651            -0.00100000000000000002            -0.00100000000000000002             4.31328717684347395789            33.74157416541934395582
             3.21348325384946109651            -0.00100000000000000002            -0.00100000000000000002             4.31007369358962488803            36.95505741926880460824
             3.21348325384946109651            -0.00100000000000000002            -0.00100000000000000002             4.30686021033577581818            40.16854067311826526065
             3.21348325384946109651            -0.00100000000000000002            -0.00100000000000000002             4.30364672708192674833            43.38202392696772591307
             3.21348325384946109651            -0.00100000000000000002            -0.00100000000000000002             4.30043324382807767847            46.59550718081718656549
             3.21348325384946109651            -0.00100000000000000002            -0.00100000000000000002             4.29721976057422860862            49.80899043466664721791
             3.21348325384946109651            -0.00100000000000000002            -0.00100000000000000002             4.29400627732037953876            53.02247368851610787033
             3.21348325384946109651            -0.00100000000000000002            -0.00100000000000000002             4.29079279406653046891            56.23595694236556852275
             3.21348325384946109651            -0.00100000000000000002            -0.00100000000000000002             4.28757931081268139906            59.44944019621502917516
             3.21348325384946109651            -0.00100000000000000002            -0.00100000000000000002             4.28436582755883232920            62.66292345006448982758
             3.21348325384946109651            -0.00100000000000000002            -0.00100000000000000002             4.28115234430498325935            65.87640670391395758543
             3.21348325384946109651            -0.00100000000000000002            -0.00100000000000000002             4.27793886105113418949            69.08988995776341823785
             3.21348325384946109651            -0.00100000000000000002            -0.00100000000000000002             4.27472537779728511964            72.30337321161287889026
             3.21348325384946109651            -0.00100000000000000002            -0.00100000000000000002             4.27151189454343604979            75.51685646546233954268
             3.21348325384946109651            -0.00100000000000000002            -0.00100000000000000002             4.26829841128958697993            78.73033971931180019510
             3.21348325384946109651            -0.00100000000000000002            -0.00100000000000000002             4.26508492803573791008            81.94382297316126084752
             3.21348325384946109651            -0.00100000000000000002            -0.00100000000000000002             4.26187144478188884023            85.15730622701072149994
             3.21348325384946109651            -0.00100000000000000002            -0.00100000000000000002             4.25865796152803977037            88.37078948086018215236
             3.21348325384946109651            -0.00100000000000000002            -0.00100000000000000002             4.25544447827419070052            91.58427273470964280477
             3.21348325384946109651            -0.00100000000000000002            -0.00100000000000000002             4.25223099502034163066            94.79775598855910345719
             3.21348325384946109651            -0.00100000000000000002            -0.00100000000000000002             4.24901751176649256081            98.01123924240856410961
             3.21348325384946109651            -0.00100000000000000002            -0.00100000000000000002             4.24580402851264349096           101.22472249625802476203
             3.21348325384946109651            -0.00100000000000000002            -0.00100000000000000002             4.24259054525879442110           104.43820575010748541445
             3.21348325384946109651            -0.00100000000000000002            -0.00100000000000000002             4.23937706200494535125           107.65168900395694606686
             3.21348325384946109651            -0.00100000000000000002            -0.00100000000000000002             4.23616357875109628139           110.86517225780640671928
             3.21348325384946109651            -0.00100000000000000002            -0.00100000000000000002             4.23295009549724721154           114.07865551165586737170
             3.21348325384946109651            -0.00100000000000000002            -0.00100000000000000002             4.22973661224339814169           117.29213876550532802412
             3.21348325384946109651            -0.00100000000000000002            -0.00100000000000000002             4.22652312898954907183           120.50562201935478867654
             3.21348325384946109651            -0.00100000000000000002            -0.00100000000000000002             4.22330964573570000198           123.71910527320424932896
             3.21348325384946109651            -0.00100000000000000002            -0.00100000000000000002             4.22009616248185093212           126.93258852705370998137
             3.21348325384946109651            -0.00100000000000000002            -0.00100000000000000002             4.21688267922800186227           130.14607178090318484465
             3.21348325384946109651            -0.00100000000000000002            -0.00100000000000000002             4.21366919597415279242           133.35955503475264549706
             3.21348325384946109651            -0.00100000000000000002            -0.00100000000000000002             4.21045571272030372256           136.57303828860210614948
             3.21348325384946109651            -0.00100000000000000002            -0.00100000000000000002             4.20724222946645465271           139.78652154245156680190
             3.21348325384946109651            -0.00100000000000000002            -0.00100000000000000002             4.20402874621260558285           143.00000479630102745432
             3.21348325384946109651            -0.00100000000000000002            -0.00100000000000000002             4.20081526295875651300           146.21348805015048810674
             3.21348325384946109651            -0.00100000000000000002            -0.00100000000000000002             4.19760177970490744315           149.42697130399994875916
             3.21348325384946109651            -0.00100000000000000002            -0.00100000000000000002             4.19438829645105837329           152.64045455784940941157
             3.21348325384946109651            -0.00100000000000000002            -0.00100000000000000002             4.19117481319720930344           155.85393781169887006399
             3.21348325384946109651            -0.00100000000000000002            -0.00100000000000000002             4.18796132994336023359           159.06742106554833071641
             3.21348325384946109651            -0.00100000000000000002            -0.00100000000000000002             4.18474784668951116373           162.28090431939779136883
             3.21348325384946109651            -0.00100000000000000002            -0.00100000000000000002             4.18153436343566209388           165.49438757324725202125
             3.21348325384946109651            -0.00100000000000000002            -0.00100000000000000002             4.17832088018181302402           168.70787082709671267367
             3.21348325384946109651            -0.00100000000000000002            -0.00100000000000000002             4.17510739692796395417           171.92135408094617332608
             3.21348325384946109651            -0.00100000000000000002            -0.00100000000000000002             4.17189391367411488432           175.13483733479563397850
             3.21348325384946109651            -0.00100000000000000002            -0.00100000000000000002             4.16868043042026581446           178.34832058864509463092
             3.21348325384946109651            -0.00100000000000000002            -0.00100000000000000002             4.16546694716641674461           181.56180384249455528334
             3.21348325384946109651            -0.00100000000000000002            -0.00100000000000000002             4.16225346391256767475           184.77528709634401593576
             3.21348325384946109651            -0.00100000000000000002            -0.00100000000000000002             4.15903998065871860490           187.98877035019347658817
             3.21348325384946109651            -0.00100000000000000002            -0.00100000000000000002             4.15582649740486953505           191.20225360404293724059
             3.21348325384946109651            -0.00100000000000000002            -0.00100000000000000002             4.15261301415102046519           194.41573685789239789301
             3.21348325384946109651            -0.00100000000000000002            -0.00100000000000000002             4.14939953089717139534           197.62922011174185854543
             3.21348325384946109651            -0.00100000000000000002            -0.00100000000000000002             4.14618604764332232548           200.84270336559131919785
             3.21348325384946109651            -0.00100000000000000002            -0.00100000000000000002             4.14297256438947325563           204.05618661944077985027
             3.21348325384946109651            -0.00100000000000000002            -0.00100000000000000002             4.13975908113562418578           207.26966987329024050268
             3.21348325384946109651            -0.00100000000000000002            -0.00100000000000000002             4.13654559788177511592           210.48315312713970115510
             3.21348325384946109651            -0.00100000000000000002            -0.00100000000000000002             4.13333211462792604607           213.69663638098916180752
             3.21348325384946109651            -0.00100000000000000002            -0.00100000000000000002             4.13011863137407697621           216.91011963483862245994
             3.21348325384946109651            -0.00100000000000000002            -0.00100000000000000002             4.12690514812022790636           220.12360288868808311236
             3.21348325384946109651            -0.00100000000000000002            -0.00100000000000000002             4.12369166486637883651           223.33708614253754376477
             3.21348325384946109651            -0.00100000000000000002            -0.00100000000000000002             4.12047818161252976665           226.55056939638700441719
             3.21348325384946109651            -0.00100000000000000002            -0.00100000000000000002             4.11726469835868069680           229.76405265023646506961
             3.21348325384946109651            -0.00100000000000000002            -0.00100000000000000002             4.11405121510483162695           232.97753590408592572203
             3.21348325384946109651            -0.00100000000000000002            -0.00100000000000000002             4.11083773185098255709           236.19101915793538637445
             3.21348325384946109651            -0.00100000000000000002            -0.00100000000000000002             4.10762424859713348724           239.40450241178484702687
             3.21348325384946109651            -0.00100000000000000002            -0.00100000000000000002             4.10441076534328441738           242.61798566563430767928
             3.21348325384946109651            -0.00100000000000000002            -0.00100000000000000002             4.10119728208943534753           245.83146891948376833170
             3.21348325384946109651            -0.00100000000000000002            -0.00100000000000000002             4.09798379883558627768           249.04495217333322898412
             3.21348325384946109651            -0.00100000000000000002            -0.00100000000000000002             4.09477031558173720782           252.25843542718268963654
             3.21348325384946109651            -0.00100000000000000002            -0.00100000000000000002             4.09155683232788813797           255.47191868103215028896
             3.21348325384946109651            -0.00100000000000000002            -0.00100000000000000002             4.08834334907403906811           258.68540193488161094137
             3.21348325384946109651            -0.00100000000000000002            -0.00100000000000000002             4.08512986582018999826           261.89888518873107159379
             3.21348325384946109651            -0.00100000000000000002            -0.00100000000000000002             4.08191638256634092841           265.11236844258053224621
             3.21348325384946109651            -0.00100000000000000002            -0.00100000000000000002             4.07870289931249185855           268.32585169642999289863
             3.21348325384946109651            -0.00100000000000000002            -0.00100000000000000002             4.07548941605864278870           271.53933495027945355105
             3.21348325384946109651            -0.00100000000000000002            -0.00100000000000000002             4.07227593280479371884           274.75281820412891420347
             3.21348325384946109651            -0.00100000000000000002            -0.00100000000000000002             4.06906244955094464899           277.96630145797837485588
             3.21348325384946109651            -0.00100000000000000002            -0.00100000000000000002             4.06584896629709557914           281.17978471182783550830
             3.21348325384946109651            -0.00100000000000000002            -0.00100000000000000002             4.06263548304324650928           284.39326796567729616072
             3.21348325384946109651            -0.00100000000000000002            -0.00100000000000000002             4.05942199978939743943           287.60675121952675681314
             3.21348325384946109651            -0.00100000000000000002            -0.00100000000000000002             4.05620851653554836957           290.82023447337621746556
             3.21348325384946109651            -0.00100000000000000002            -0.00100000000000000002             4.05299503328169929972           294.03371772722567811797
             3.21348325384946109651            -0.00100000000000000002            -0.00100000000000000002             4.04978155002785022987           297.24720098107513877039
             3.21348325384946109651            -0.00100000000000000002            -0.00100000000000000002             4.04656806677400116001           300.46068423492459942281
             3.21348325384946109651            -0.00100000000000000002            -0.00100000000000000002             4.04335458352015209016           303.67416748877406007523
             3.21348325384946109651            -0.00100000000000000002            -0.00100000000000000002             4.04014110026630302031           306.88765074262352072765
             3.21348325384946109651            -0.00100000000000000002            -0.00100000000000000002             4.03692761701245395045           310.10113399647298138007
             3.21348325384946109651            -0.00100000000000000002            -0.00100000000000000002             4.03371413375860488060           313.31461725032244203248
             3.21348325384946109651            -0.00100000000000000002            -0.00100000000000000002             4.03050065050475581074           316.52810050417190268490
             3.21348325384946109651            -0.00100000000000000002            -0.00100000000000000002             4.02728716725090674089           319.74158375802136333732
             3.21348325384946109651            -0.00100000000000000002            -0.00100000000000000002             4.02407368399705767104           322.95506701187082398974
             3.21348325384946109651            -0.00100000000000000002            -0.00100000000000000002             4.02086020074320860118           326.16855026572028464216
             3.21348325384946109651            -0.00100000000000000002            -0.00100000000000000002             4.01764671748935953133           329.38203351956974529458
             3.21348325384946109651            -0.00100000000000000002            -0.00100000000000000002             4.01443323423551046147           332.59551677341920594699
             3.21348325384946109651            -0.00100000000000000002            -0.00100000000000000002             4.01121975098166139162           335.80900002726866659941
             3.21348325384946109651            -0.00100000000000000002            -0.00100000000000000002             4.00800626772781232177           339.02248328111812725183
             3.21348325384946109651            -0.00100000000000000002            -0.00100000000000000002             4.00479278447396325191           342.23596653496758790425
             3.21348325384946109651            -0.00100000000000000002            -0.00100000000000000002             4.00157930122011418206           345.44944978881704855667
             3.21348325384946109651            -0.00100000000000000002            -0.00100000000000000002             3.99836581796626466812           348.66293304266650920908
             3.21348325384946109651            -0.00100000000000000002            -0.00100000000000000002             3.99515233471241515417           351.87641629651596986150
             3.21348325384946109651            -0.00100000000000000002            -0.00100000000000000002             3.99193885145856564023           355.08989955036543051392
             3.21348325384946109651            -0.00100000000000000002            -0.00100000000000000002             3.98872536820471612629           358.30338280421489116634
             3.21348325384946109651            -0.00100000000000000002            -0.00100000000000000002             3.98551188495086661234           361.51686605806435181876
             3.21348325384946109651            -0.00100000000000000002            -0.00100000000000000002             3.98229840169701709840           364.73034931191381247118
             3.21348325384946109651            -0.00100000000000000002            -0.00100000000000000002             3.97908491844316758446           367.94383256576327312359
             3.21348325384946109651            -0.00100000000000000002            -0.00100000000000000002             3.97587143518931807051           371.15731581961273377601
             3.21348325384946109651            -0.00100000000000000002            -0.00100000000000000002             3.97265795193546855657           374.37079907346219442843
             3.21348325384946109651            -0.00100000000000000002            -0.00100000000000000002             3.96944446868161904263           377.58428232731165508085
             3.21348325384946109651            -0.00100000000000000002            -0.00100000000000000002             3.96623098542776952868           380.79776558116111573327
             3.21348325384946109651            -0.00100000000000000002            -0.00100000000000000002             3.96301750217392001474           384.01124883501057638568
             3.21348325384946109651            -0.00100000000000000002            -0.00100000000000000002             3.95980401892007050080           387.22473208886003703810
             3.21348325384946109651            -0.00100000000000000002            -0.00100000000000000002             3.95659053566622098685           390.43821534270949769052
             3.21348325384946109651            -0.00100000000000000002            -0.00100000000000000002             3.95337705241237147291           393.65169859655895834294
             3.21348325384946109651            -0.00100000000000000002            -0.00100000000000000002             3.95016356915852195897           396.86518185040841899536
             3.21348325384946109651            -0.00100000000000000002            -0.00100000000000000002             3.94695008590467244503           400.07866510425787964778
             3.21348325384946109651            -0.00100000000000000002            -0.00100000000000000002             3.94373660265082293108           403.29214835810734030019
             3.21348325384946109651            -0.00100000000000000002            -0.00100000000000000002             3.94052311939697341714           406.50563161195680095261
             3.21348325384946109651            -0.00100000000000000002            -0.00100000000000000002             3.93730963614312390320           409.71911486580626160503
             3.21348325384946109651            -0.00100000000000000002            -0.00100000000000000002             3.93409615288927438925           412.93259811965572225745
             3.21348325384946109651            -0.00100000000000000002            -0.00100000000000000002             3.93088266963542487531           416.14608137350518290987
             3.21348325384946109651            -0.00100000000000000002            -0.00100000000000000002             3.92766918638157536137           419.35956462735464356228
             3.21348325384946109651            -0.00100000000000000002            -0.00100000000000000002             3.92445570312772584742           422.57304788120410421470
             3.21348325384946109651            -0.00100000000000000002            -0.00100000000000000002             3.92124221987387633348           425.78653113505356486712
             3.21348325384946109651            -0.00100000000000000002            -0.00100000000000000002             3.91802873662002681954           429.00001438890302551954
             3.21348325384946109651            -0.00100000000000000002            -0.00100000000000000002             3.91481525336617730559           432.21349764275248617196
             0.00000000000000000000
           8          -1          -1           2           3           1           0          50          -1          -1          14          -1          -1           3             0.00000000000000000000             1.00000000000000000000             4.24264068711928565847             8.00000000000000000000             4.00000000000000000000             0.00000000000000000000
             4.24264068711928565847            -0.00100000000000000002            -0.00100000000000000002             4.12321922575161625701             2.12132034355964282923
             4.24264068711928565847            -0.00100000000000000002            -0.00100000000000000002             4.11897658506449726445             6.36396103067892848770
             4.24264068711928565847            -0.00100000000000000002            -0.00100000000000000002             4.11473394437737827189            10.60660171779821325799
             4.24264068711928565847            -0.00100000000000000002            -0.00100000000000000002             4.11049130369025927934            14.84924240491749891646
             4.24264068711928565847            -0.00100000000000000002            -0.00100000000000000002             4.10624866300314028678            19.09188309203678457493
             4.24264068711928565847            -0.00100000000000000002            -0.00100000000000000002             4.10200602231602129422            23.33452377915607200976
             4.24264068711928565847            -0.00100000000000000002            -0.00100000000000000002             4.09776338162890230166            27.57716446627535589187
             4.24264068711928565847            -0.00100000000000000002            -0.00100000000000000002             4.09352074094178330910            31.81980515339463977398
             4.24264068711928565847            -0.00100000000000000002            -0.00100000000000000002             4.08927810025466431654            36.06244584051392365609
             4.24264068711928565847            -0.00100000000000000002            -0.00100000000000000002             4.08503545956754532398            40.30508652763320753820
             4.24264068711928565847            -0.00100000000000000002            -0.00100000000000000002             4.08079281888042633142            44.54772721475249142031
             4.24264068711928565847            -0.00100000000000000002            -0.00100000000000000002             4.07655017819330733886            48.79036790187177530242
             4.24264068711928565847            -0.00100000000000000002            -0.00100000000000000002             4.07230753750618834630            53.03300858899105918454
             4.24264068711928565847            -0.00100000000000000002            -0.00100000000000000002             4.06806489681906935374            57.27564927611034306665
             4.24264068711928565847            -0.00100000000000000002            -0.00100000000000000002             4.06382225613195036118            61.51828996322962694876
             4.24264068711928565847            -0.00100000000000000002            -0.00100000000000000002             4.05957961544483136862            65.76093065034891083087
             4.24264068711928565847            -0.00100000000000000002            -0.00100000000000000002             4.05533697475771237606            70.00357133746820181841
             4.24264068711928565847            -0.00100000000000000002            -0.00100000000000000002             4.05109433407059338350            74.24621202458749280595
             4.24264068711928565847            -0.00100000000000000002            -0.00100000000000000002             4.04685169338347439094            78.48885271170678379349
             4.24264068711928565847            -0.00100000000000000002            -0.00100000000000000002             4.04260905269635539838            82.73149339882607478103
             4.24264068711928565847            -0.00100000000000000002            -0.00100000000000000002             4.03836641200923640582            86.97413408594536576857
             4.24264068711928565847            -0.00100000000000000002            -0.00100000000000000002             4.03412377132211741326            91.21677477306465675611
             4.24264068711928565847            -0.00100000000000000002            -0.00100000000000000002             4.02988113063499842070            95.45941546018394774364
             4.24264068711928565847            -0.00100000000000000002            -0.00100000000000000002             4.02563848994787942814            99.70205614730323873118
             4.24264068711928565847            -0.00100000000000000002            -0.00100000000000000002             4.02139584926076043558           103.94469683442252971872
             4.24264068711928565847            -0.00100000000000000002            -0.00100000000000000002             4.01715320857364144302           108.18733752154182070626
             4.24264068711928565847            -0.00100000000000000002            -0.00100000000000000002             4.01291056788652245046           112.42997820866111169380
             4.24264068711928565847            -0.00100000000000000002            -0.00100000000000000002             4.00866792719940345791           116.67261889578040268134
             4.24264068711928565847            -0.00100000000000000002            -0.00100000000000000002             4.00442528651228446535           120.91525958289969366888
             4.24264068711928565847            -0.00100000000000000002            -0.00100000000000000002             4.00018264582516547279           125.15790027001898465642
             4.24264068711928565847            -0.00100000000000000002            -0.00100000000000000002             3.99594000513804603614           129.40054095713827564396
             4.24264068711928565847            -0.00100000000000000002            -0.00100000000000000002             3.99169736445092659949           133.64318164425756663150
             4.24264068711928565847            -0.00100000000000000002            -0.00100000000000000002             3.98745472376380716284           137.88582233137685761903
             4.24264068711928565847            -0.00100000000000000002            -0.00100000000000000002             3.98321208307668772619           142.12846301849614860657
             4.24264068711928565847            -0.00100000000000000002            -0.00100000000000000002             3.97896944238956828954           146.37110370561543959411
             4.24264068711928565847            -0.00100000000000000002            -0.00100000000000000002             3.97472680170244885289           150.61374439273473058165
             4.24264068711928565847            -0.00100000000000000002            -0.00100000000000000002             3.97048416101532941624           154.85638507985402156919
             4.24264068711928565847            -0.00100000000000000002            -0.00100000000000000002             3.96624152032820997960           159.09902576697331255673
             4.24264068711928565847            -0.00100000000000000002            -0.00100000000000000002             3.96199887964109054295           163.34166645409260354427
             4.24264068711928565847            -0.00100000000000000002            -0.00100000000000000002             3.95775623895397110630           167.58430714121189453181
             4.24264068711928565847            -0.00100000000000000002            -0.00100000000000000002             3.95351359826685166965           171.82694782833118551935
             4.24264068711928565847            -0.00100000000000000002            -0.00100000000000000002             3.94927095757973223300           176.06958851545047650689
             4.24264068711928565847            -0.00100000000000000002            -0.00100000000000000002             3.94502831689261279635           180.31222920256976749442
             4.24264068711928565847            -0.00100000000000000002            -0.00100000000000000002             3.94078567620549335970           184.55486988968905848196
             4.24264068711928565847            -0.00100000000000000002            -0.00100000000000000002             3.93654303551837392305           188.79751057680834946950
             4.24264068711928565847            -0.00100000000000000002            -0.00100000000000000002             3.93230039483125448641           193.04015126392764045704
             4.24264068711928565847            -0.00100000000000000002            -0.00100000000000000002             3.92805775414413504976           197.28279195104693144458
             4.24264068711928565847            -0.00100000000000000002            -0.00100000000000000002             3.92381511345701561311           201.52543263816622243212
             4.24264068711928565847            -0.00100000000000000002            -0.00100000000000000002             3.91957247276989617646           205.76807332528551341966
             4.24264068711928565847            -0.00100000000000000002            -0.00100000000000000002             3.91532983208277673981           210.01071401240480440720
             0.00000000000000000000
          14           1           2           3          -1           0          -1          87           7           8          -1           1           2          -1             0.00000000000000000000             1.50000000000000000000             4.04061017820884327278             0.00000000000000000000             4.00000000000000000000             0.00000000000000000000
             4.04061017820884327278            -0.00100000000000000002            -0.00100000000000000002             3.91118820665010780147             2.02030508910442163639
             4.04061017820884327278            -0.00100000000000000002            -0.00100000000000000002             3.90714759647189913139             6.06091526731326446509
             4.04061017820884327278            -0.00100000000000000002            -0.00100000000000000002             3.90310698629369046131            10.10152544552210684969
             4.04061017820884327278            -0.00100000000000000002            -0.00100000000000000002             3.89906637611548179123            14.14213562373095101066
             4.04061017820884327278            -0.00100000000000000002            -0.00100000000000000002             3.89502576593727312115            18.18274580193979517162
             4.04061017820884327278            -0.00100000000000000002            -0.00100000000000000002             3.89098515575906445108            22.22335598014863933258
             4.04061017820884327278            -0.00100000000000000002            -0.00100000000000000002             3.88694454558085578100            26.26396615835748349355
             4.04061017820884327278            -0.00100000000000000002            -0.00100000000000000002             3.88290393540264711092            30.30457633656632765451
             4.04061017820884327278            -0.00100000000000000002            -0.00100000000000000002             3.87886332522443844084            34.34518651477517181547
             4.04061017820884327278            -0.00100000000000000002            -0.00100000000000000002             3.87482271504622977076            38.38579669298401597644
             4.04061017820884327278            -0.00100000000000000002            -0.00100000000000000002             3.87078210486802110069            42.42640687119286013740
             4.04061017820884327278            -0.00100000000000000002            -0.00100000000000000002             3.86674149468981243061            46.46701704940170429836
             4.04061017820884327278            -0.00100000000000000002            -0.00100000000000000002             3.86270088451160376053            50.50762722761054845932
             4.04061017820884327278            -0.00100000000000000002            -0.00100000000000000002             3.85866027433339509045            54.54823740581939262029
             4.04061017820884327278            -0.00100000000000000002            -0.00100000000000000002             3.85461966415518642037            58.58884758402823678125
             4.04061017820884327278            -0.00100000000000000002            -0.00100000000000000002             3.85057905397697775030            62.62945776223708094221
             4.04061017820884327278            -0.00100000000000000002            -0.00100000000000000002             3.84653844379876908022            66.67006794044591799775
             4.04061017820884327278            -0.00100000000000000002            -0.00100000000000000002             3.84249783362056041014            70.71067811865475505329
             4.04061017820884327278            -0.00100000000000000002            -0.00100000000000000002             3.83845722344235174006            74.75128829686359210882
             4.04061017820884327278            -0.00100000000000000002            -0.00100000000000000002             3.83441661326414306998            78.79189847507242916436
             4.04061017820884327278            -0.00100000000000000002            -0.00100000000000000002             3.83037600308593439991            82.83250865328126621989
             4.04061017820884327278            -0.00100000000000000002            -0.00100000000000000002             3.82633539290772572983            86.87311883149010327543
             4.04061017820884327278            -0.00100000000000000002            -0.00100000000000000002             3.82229478272951705975            90.91372900969894033096
             4.04061017820884327278            -0.00100000000000000002            -0.00100000000000000002             3.81825417255130838967            94.95433918790777738650
             4.04061017820884327278            -0.00100000000000000002            -0.00100000000000000002             3.81421356237309971959            98.99494936611661444203
             4.04061017820884327278            -0.00100000000000000002            -0.00100000000000000002             3.81017295219489104952           103.03555954432545149757
             4.04061017820884327278            -0.00100000000000000002            -0.00100000000000000002             3.80613234201668237944           107.07616972253428855311
             4.04061017820884327278            -0.00100000000000000002            -0.00100000000000000002             3.80209173183847370936           111.11677990074312560864
             4.04061017820884327278            -0.00100000000000000002            -0.00100000000000000002             3.79805112166026503928           115.15739007895196266418
             4.04061017820884327278            -0.00100000000000000002            -0.00100000000000000002             3.79401051148205636920           119.19800025716079971971
             4.04061017820884327278            -0.00100000000000000002            -0.00100000000000000002             3.78996990130384769913           123.23861043536963677525
             4.04061017820884327278            -0.00100000000000000002            -0.00100000000000000002             3.78592929112563902905           127.27922061357847383078
             4.04061017820884327278            -0.00100000000000000002            -0.00100000000000000002             3.78188868094743035897           131.31983079178732509718
             4.04061017820884327278            -0.00100000000000000002            -0.00100000000000000002             3.77784807076922168889           135.36044096999617636357
             4.04061017820884327278            -0.00100000000000000002            -0.00100000000000000002             3.77380746059101301881           139.40105114820502762996
             4.04061017820884327278            -0.00100000000000000002            -0.00100000000000000002             3.76976685041280434874           143.44166132641387889635
             4.04061017820884327278            -0.00100000000000000002            -0.00100000000000000002             3.76572624023459567866           147.48227150462273016274
             4.04061017820884327278            -0.00100000000000000002            -0.00100000000000000002             3.76168563005638700858           151.52288168283158142913
             4.04061017820884327278            -0.00100000000000000002            -0.00100000000000000002             3.75764501987817833850           155.56349186104043269552
             4.04061017820884327278            -0.00100000000000000002            -0.00100000000000000002             3.75360440969996966842           159.60410203924928396191
             4.04061017820884327278            -0.00100000000000000002            -0.00100000000000000002             3.74956379952176099835           163.64471221745813522830
             4.04061017820884327278            -0.00100000000000000002            -0.00100000000000000002             3.74552318934355232827           167.68532239566698649469
             4.04061017820884327278            -0.00100000000000000002            -0.00100000000000000002             3.74148257916534365819           171.72593257387583776108
             4.04061017820884327278            -0.00100000000000000002            -0.00100000000000000002             3.73744196898713498811           175.76654275208468902747
             4.04061017820884327278            -0.00100000000000000002            -0.00100000000000000002             3.73340135880892631803           179.80715293029354029386
             4.04061017820884327278            -0.00100000000000000002            -0.00100000000000000002             3.72936074863071764796           183.84776310850239156025
             4.04061017820884327278            -0.00100000000000000002            -0.00100000000000000002             3.72532013845250897788           187.88837328671124282664
             4.04061017820884327278            -0.00100000000000000002            -0.00100000000000000002             3.72127952827430030780           191.92898346492009409303
             4.04061017820884327278            -0.00100000000000000002            -0.00100000000000000002             3.71723891809609163772           195.96959364312894535942
             4.04061017820884327278            -0.00100000000000000002            -0.00100000000000000002             3.71319830791788296764           200.01020382133779662581
             4.04061017820884327278            -0.00100000000000000002            -0.00100000000000000002             3.70915769773967429757           204.05081399954664789220
             4.04061017820884327278            -0.00100000000000000002            -0.00100000000000000002             3.70511708756146562749           208.09142417775549915859
             4.04061017820884327278            -0.00100000000000000002            -0.00100000000000000002             3.70107647738325695741           212.13203435596435042498
             4.04061017820884327278            -0.00100000000000000002            -0.00100000000000000002             3.69703586720504828733           216.17264453417320169137
             4.04061017820884327278            -0.00100000000000000002            -0.00100000000000000002             3.69299525702683961725           220.21325471238205295776
             4.04061017820884327278            -0.00100000000000000002            -0.00100000000000000002             3.68895464684863094718           224.25386489059090422415
             4.04061017820884327278            -0.00100000000000000002            -0.00100000000000000002             3.68491403667042227710           228.29447506879975549055
             4.04061017820884327278            -0.00100000000000000002            -0.00100000000000000002             3.68087342649221360702           232.33508524700860675694
             4.04061017820884327278            -0.00100000000000000002            -0.00100000000000000002             3.67683281631400493694           236.37569542521745802333
             4.04061017820884327278            -0.00100000000000000002            -0.00100000000000000002             3.67279220613579626686           240.41630560342630928972
             4.04061017820884327278            -0.00100000000000000002            -0.00100000000000000002             3.66875159595758759679           244.45691578163516055611
             4.04061017820884327278            -0.00100000000000000002            -0.00100000000000000002             3.66471098577937892671           248.49752595984401182250
             4.04061017820884327278            -0.00100000000000000002            -0.00100000000000000002             3.66067037560117025663           252.53813613805286308889
             4.04061017820884327278            -0.00100000000000000002            -0.00100000000000000002             3.65662976542296158655           256.57874631626168593357
             4.04061017820884327278            -0.00100000000000000002            -0.00100000000000000002             3.65258915524475291647           260.61935649447053719996
             4.04061017820884327278            -0.00100000000000000002            -0.00100000000000000002             3.64854854506654424640           264.65996667267938846635
             4.04061017820884327278            -0.00100000000000000002            -0.00100000000000000002             3.64450793488833557632           268.70057685088823973274
             4.04061017820884327278            -0.00100000000000000002            -0.00100000000000000002             3.64046732471012690624           272.74118702909709099913
             4.04061017820884327278            -0.00100000000000000002            -0.00100000000000000002             3.63642671453191823616           276.78179720730594226552
             4.04061017820884327278            -0.00100000000000000002            -0.00100000000000000002             3.63238610435370956608           280.82240738551479353191
             4.04061017820884327278            -0.00100000000000000002            -0.00100000000000000002             3.62834549417550089601           284.86301756372364479830
             4.04061017820884327278            -0.00100000000000000002            -0.00100000000000000002             3.62430488399729222593           288.90362774193249606469
             4.04061017820884327278            -0.00100000000000000002            -0.00100000000000000002             3.62026427381908355585           292.94423792014134733108
             4.04061017820884327278            -0.00100000000000000002            -0.00100000000000000002             3.61622366364087488577           296.98484809835019859747
             4.04061017820884327278            -0.00100000000000000002            -0.00100000000000000002             3.61218305346266621569           301.02545827655904986386
             4.04061017820884327278            -0.00100000000000000002            -0.00100000000000000002             3.60814244328445754562           305.06606845476790113025
             4.04061017820884327278            -0.00100000000000000002            -0.00100000000000000002             3.60410183310624887554           309.10667863297675239664
             4.04061017820884327278            -0.00100000000000000002            -0.00100000000000000002             3.60006122292804020546           313.14728881118560366303
             4.04061017820884327278            -0.00100000000000000002            -0.00100000000000000002             3.59602061274983153538           317.18789898939445492942
             4.04061017820884327278            -0.00100000000000000002            -0.00100000000000000002             3.59198000257162286530           321.22850916760330619582
             4.04061017820884327278            -0.00100000000000000002            -0.00100000000000000002             3.58793939239341419523           325.26911934581215746221
             4.04061017820884327278            -0.00100000000000000002            -0.00100000000000000002             3.58389878221520552515           329.30972952402100872860
             4.04061017820884327278            -0.00100000000000000002            -0.00100000000000000002             3.57985817203699685507           333.35033970222985999499
             4.04061017820884327278            -0.00100000000000000002            -0.00100000000000000002             3.57581756185878818499           337.39094988043871126138
             4.04061017820884327278            -0.00100000000000000002            -0.00100000000000000002             3.57177695168057951491           341.43156005864756252777
             4.04061017820884327278            -0.00100000000000000002            -0.00100000000000000002             3.56773634150237084484           345.47217023685641379416
             4.04061017820884327278            -0.00100000000000000002            -0.00100000000000000002             3.56369573132416217476           349.51278041506526506055
            -0.00100000000000000002
