                    500                      5                      4                     15
                      5                      5                      0                      0                      3                      5
           2           1           6           1          -1           0          -1         100           6          15          -1           2           5          -1             0.00000000000000000000             2.00000000000000000000             4.03050865276332093146             0.00000000000000000000             4.00000000000000000000             0.00000000000000000000
             4.03050865276332093146            -0.00100000000000000002            -0.00100000000000000002             2.40408647622628279805             2.01525432638166046573
             4.03050865276332093146            -0.00100000000000000002            -0.00100000000000000002             2.40005596757351957748             6.04576297914498184127
             4.03050865276332093146            -0.00100000000000000002            -0.00100000000000000002             2.39602545892075635692            10.07627163190830188455
             4.03050865276332093146            -0.00100000000000000002            -0.00100000000000000002             2.39199495026799313635            14.10678028467162192783
             4.03050865276332093146            -0.00100000000000000002            -0.00100000000000000002             2.38796444161522991578            18.13728893743494197111
             4.03050865276332093146            -0.00100000000000000002            -0.00100000000000000002             2.38393393296246669522            22.16779759019826201438
             4.03050865276332093146            -0.00100000000000000002            -0.00100000000000000002             2.37990342430970347465            26.19830624296158205766
             4.03050865276332093146            -0.00100000000000000002            -0.00100000000000000002             2.37587291565694025408            30.22881489572490210094
             4.03050865276332093146            -0.00100000000000000002            -0.00100000000000000002             2.37184240700417703351            34.25932354848822569693
             4.03050865276332093146            -0.00100000000000000002            -0.00100000000000000002             2.36781189835141381295            38.28983220125154929292
             4.03050865276332093146            -0.00100000000000000002            -0.00100000000000000002             2.36378138969865059238            42.32034085401487288891
             4.03050865276332093146            -0.00100000000000000002            -0.00100000000000000002             2.35975088104588737181            46.35084950677819648490
             4.03050865276332093146            -0.00100000000000000002            -0.00100000000000000002             2.35572037239312415124            50.38135815954152008089
             4.03050865276332093146            -0.00100000000000000002            -0.00100000000000000002             2.35168986374036093068            54.41186681230484367688
             4.03050865276332093146            -0.00100000000000000002            -0.00100000000000000002             2.34765935508759771011            58.44237546506816727288
             4.03050865276332093146            -0.00100000000000000002            -0.00100000000000000002             2.34362884643483448954            62.47288411783149086887
             4.03050865276332093146            -0.00100000000000000002            -0.00100000000000000002             2.33959833778207126898            66.50339277059481446486
             4.03050865276332093146            -0.00100000000000000002            -0.00100000000000000002             2.33556782912930804841            70.53390142335813095542
             4.03050865276332093146            -0.00100000000000000002            -0.00100000000000000002             2.33153732047654482784            74.56441007612144744598
             4.03050865276332093146            -0.00100000000000000002            -0.00100000000000000002             2.32750681182378160727            78.59491872888476393655
             4.03050865276332093146            -0.00100000000000000002            -0.00100000000000000002             2.32347630317101838671            82.62542738164808042711
             4.03050865276332093146            -0.00100000000000000002            -0.00100000000000000002             2.31944579451825516614            86.65593603441139691768
             4.03050865276332093146            -0.00100000000000000002            -0.00100000000000000002             2.31541528586549194557            90.68644468717471340824
             4.03050865276332093146            -0.00100000000000000002            -0.00100000000000000002             2.31138477721272872500            94.71695333993802989880
             4.03050865276332093146            -0.00100000000000000002            -0.00100000000000000002             2.30735426855996550444            98.74746199270134638937
             4.03050865276332093146            -0.00100000000000000002            -0.00100000000000000002             2.30332375990720228387           102.77797064546466287993
             4.03050865276332093146            -0.00100000000000000002            -0.00100000000000000002             2.29929325125443906330           106.80847929822797937049
             4.03050865276332093146            -0.00100000000000000002            -0.00100000000000000002             2.29526274260167584274           110.83898795099129586106
             4.03050865276332093146            -0.00100000000000000002            -0.00100000000000000002             2.29123223394891262217           114.86949660375461235162
             4.03050865276332093146            -0.00100000000000000002            -0.00100000000000000002             2.28720172529614940160           118.90000525651792884219
             4.03050865276332093146            -0.00100000000000000002            -0.00100000000000000002             2.28317121664338618103           122.93051390928124533275
             4.03050865276332093146            -0.00100000000000000002            -0.00100000000000000002             2.27914070799062296047           126.96102256204456182331
             4.03050865276332093146            -0.00100000000000000002            -0.00100000000000000002             2.27511019933785973990           130.99153121480787831388
             4.03050865276332093146            -0.00100000000000000002            -0.00100000000000000002             2.27107969068509651933           135.02203986757120901530
             4.03050865276332093146            -0.00100000000000000002            -0.00100000000000000002             2.26704918203233329876           139.05254852033453971671
             4.03050865276332093146            -0.00100000000000000002            -0.00100000000000000002             2.26301867337957007820           143.08305717309787041813
             4.03050865276332093146            -0.00100000000000000002            -0.00100000000000000002             2.25898816472680685763           147.11356582586120111955
             4.03050865276332093146            -0.00100000000000000002            -0.00100000000000000002             2.25495765607404363706           151.14407447862453182097
             4.03050865276332093146            -0.00100000000000000002            -0.00100000000000000002             2.25092714742128041649           155.17458313138786252239
             4.03050865276332093146            -0.00100000000000000002            -0.00100000000000000002             2.24689663876851719593           159.20509178415119322381
             4.03050865276332093146            -0.00100000000000000002            -0.00100000000000000002             2.24286613011575397536           163.23560043691452392522
             4.03050865276332093146            -0.00100000000000000002            -0.00100000000000000002             2.23883562146299075479           167.26610908967785462664
             4.03050865276332093146            -0.00100000000000000002            -0.00100000000000000002             2.23480511281022753423           171.29661774244118532806
             4.03050865276332093146            -0.00100000000000000002            -0.00100000000000000002             2.23077460415746431366           175.32712639520451602948
             4.03050865276332093146            -0.00100000000000000002            -0.00100000000000000002             2.22674409550470109309           179.35763504796784673090
             4.03050865276332093146            -0.00100000000000000002            -0.00100000000000000002             2.22271358685193787252           183.38814370073117743232
             4.03050865276332093146            -0.00100000000000000002            -0.00100000000000000002             2.21868307819917465196           187.41865235349450813374
             4.03050865276332093146            -0.00100000000000000002            -0.00100000000000000002             2.21465256954641143139           191.44916100625783883515
             4.03050865276332093146            -0.00100000000000000002            -0.00100000000000000002             2.21062206089364821082           195.47966965902116953657
             4.03050865276332093146            -0.00100000000000000002            -0.00100000000000000002             2.20659155224088499025           199.51017831178450023799
             4.03050865276332093146            -0.00100000000000000002            -0.00100000000000000002             2.20256104358812176969           203.54068696454783093941
             4.03050865276332093146            -0.00100000000000000002            -0.00100000000000000002             2.19853053493535854912           207.57119561731116164083
             4.03050865276332093146            -0.00100000000000000002            -0.00100000000000000002             2.19450002628259532855           211.60170427007449234225
             4.03050865276332093146            -0.00100000000000000002            -0.00100000000000000002             2.19046951762983210799           215.63221292283782304366
             4.03050865276332093146            -0.00100000000000000002            -0.00100000000000000002             2.18643900897706888742           219.66272157560115374508
             4.03050865276332093146            -0.00100000000000000002            -0.00100000000000000002             2.18240850032430566685           223.69323022836448444650
             4.03050865276332093146            -0.00100000000000000002            -0.00100000000000000002             2.17837799167154244628           227.72373888112781514792
             4.03050865276332093146            -0.00100000000000000002            -0.00100000000000000002             2.17434748301877922572           231.75424753389114584934
             4.03050865276332093146            -0.00100000000000000002            -0.00100000000000000002             2.17031697436601600515           235.78475618665447655076
             4.03050865276332093146            -0.00100000000000000002            -0.00100000000000000002             2.16628646571325278458           239.81526483941780725218
             4.03050865276332093146            -0.00100000000000000002            -0.00100000000000000002             2.16225595706048956401           243.84577349218113795359
             4.03050865276332093146            -0.00100000000000000002            -0.00100000000000000002             2.15822544840772634345           247.87628214494446865501
             4.03050865276332093146            -0.00100000000000000002            -0.00100000000000000002             2.15419493975496312288           251.90679079770779935643
             4.03050865276332093146            -0.00100000000000000002            -0.00100000000000000002             2.15016443110219990231           255.93729945047113005785
             4.03050865276332093146            -0.00100000000000000002            -0.00100000000000000002             2.14613392244943668175           259.96780810323446075927
             4.03050865276332093146            -0.00100000000000000002            -0.00100000000000000002             2.14210341379667346118           263.99831675599779146069
             4.03050865276332093146            -0.00100000000000000002            -0.00100000000000000002             2.13807290514391024061           268.02882540876112216210
             4.03050865276332093146            -0.00100000000000000002            -0.00100000000000000002             2.13404239649114702004           272.05933406152445286352
             4.03050865276332093146            -0.00100000000000000002            -0.00100000000000000002             2.13001188783838379948           276.08984271428778356494
             4.03050865276332093146            -0.00100000000000000002            -0.00100000000000000002             2.12598137918562057891           280.12035136705111426636
             4.03050865276332093146            -0.00100000000000000002            -0.00100000000000000002             2.12195087053285735834           284.15086001981444496778
             4.03050865276332093146            -0.00100000000000000002            -0.00100000000000000002             2.11792036188009413777           288.18136867257777566920
             4.03050865276332093146            -0.00100000000000000002            -0.00100000000000000002             2.11388985322733091721           292.21187732534110637062
             4.03050865276332093146            -0.00100000000000000002            -0.00100000000000000002             2.10985934457456769664           296.24238597810443707203
             4.03050865276332093146            -0.00100000000000000002            -0.00100000000000000002             2.10582883592180447607           300.27289463086776777345
             4.03050865276332093146            -0.00100000000000000002            -0.00100000000000000002             2.10179832726904125551           304.30340328363109847487
             4.03050865276332093146            -0.00100000000000000002            -0.00100000000000000002             2.09776781861627803494           308.33391193639442917629
             4.03050865276332093146            -0.00100000000000000002            -0.00100000000000000002             2.09373730996351481437           312.36442058915775987771
             4.03050865276332093146            -0.00100000000000000002            -0.00100000000000000002             2.08970680131075159380           316.39492924192109057913
             4.03050865276332093146            -0.00100000000000000002            -0.00100000000000000002             2.08567629265798837324           320.42543789468442128054
             4.03050865276332093146            -0.00100000000000000002            -0.00100000000000000002             2.08164578400522515267           324.45594654744775198196
             4.03050865276332093146            -0.00100000000000000002            -0.00100000000000000002             2.07761527535246193210           328.48645520021108268338
             4.03050865276332093146            -0.00100000000000000002            -0.00100000000000000002             2.07358476669969871153           332.51696385297441338480
             4.03050865276332093146            -0.00100000000000000002            -0.00100000000000000002             2.06955425804693549097           336.54747250573774408622
             4.03050865276332093146            -0.00100000000000000002            -0.00100000000000000002             2.06552374939417227040           340.57798115850107478764
             4.03050865276332093146            -0.00100000000000000002            -0.00100000000000000002             2.06149324074140904983           344.60848981126440548906
             4.03050865276332093146            -0.00100000000000000002            -0.00100000000000000002             2.05746273208864582926           348.63899846402773619047
             4.03050865276332093146            -0.00100000000000000002            -0.00100000000000000002             2.05343222343588260870           352.66950711679106689189
             4.03050865276332093146            -0.00100000000000000002            -0.00100000000000000002             2.04940171478311938813           356.70001576955439759331
             4.03050865276332093146            -0.00100000000000000002            -0.00100000000000000002             2.04537120613035616756           360.73052442231772829473
             4.03050865276332093146            -0.00100000000000000002            -0.00100000000000000002             2.04134069747759294700           364.76103307508105899615
             4.03050865276332093146            -0.00100000000000000002            -0.00100000000000000002             2.03731018882482972643           368.79154172784438969757
             4.03050865276332093146            -0.00100000000000000002            -0.00100000000000000002             2.03327968017206650586           372.82205038060772039898
             4.03050865276332093146            -0.00100000000000000002            -0.00100000000000000002             2.02924917151930328529           376.85255903337105110040
             4.03050865276332093146            -0.00100000000000000002            -0.00100000000000000002             2.02521866286654006473           380.88306768613438180182
             4.03050865276332093146            -0.00100000000000000002            -0.00100000000000000002             2.02118815421377684416           384.91357633889771250324
             4.03050865276332093146            -0.00100000000000000002            -0.00100000000000000002             2.01715764556101362359           388.94408499166104320466
             4.03050865276332093146            -0.00100000000000000002            -0.00100000000000000002             2.01312713690825040302           392.97459364442437390608
             4.03050865276332093146            -0.00100000000000000002            -0.00100000000000000002             2.00909662825548718246           397.00510229718770460750
             4.03050865276332093146            -0.00100000000000000002            -0.00100000000000000002             2.00506611960272396189           401.03561094995103530891
            -0.00100000000000000002
           6          -1          -1           2           1           0           0         200           9          10           2           3           4           1             0.00000000000000000000             1.50000000000000000000             4.00000000000000000000             0.00000000000000000000             4.00000000000000000000             0.00000000000000000000
             4.00000000000000000000            -0.00100000000000000002            -0.00100000000000000002             3.20410173055266378483             2.00000000000000000000
             4.00000000000000000000            -0.00100000000000000002            -0.00100000000000000002             3.20010173055266378128             6.00000000000000000000
             4.00000000000000000000            -0.00100000000000000002            -0.00100000000000000002             3.19610173055266377773            10.00000000000000000000
             4.00000000000000000000            -0.00100000000000000002            -0.00100000000000000002             3.19210173055266377418            14.00000000000000000000
             4.00000000000000000000            -0.00100000000000000002            -0.00100000000000000002             3.18810173055266377062            18.00000000000000000000
             4.00000000000000000000            -0.00100000000000000002            -0.00100000000000000002             3.18410173055266376707            22.00000000000000000000
             4.00000000000000000000            -0.00100000000000000002            -0.00100000000000000002             3.18010173055266376352            26.00000000000000000000
             4.00000000000000000000            -0.00100000000000000002            -0.00100000000000000002             3.17610173055266375997            30.00000000000000000000
             4.00000000000000000000            -0.00100000000000000002            -0.00100000000000000002             3.17210173055266375641            34.00000000000000000000
             4.00000000000000000000            -0.00100000000000000002            -0.00100000000000000002             3.16810173055266375286            38.00000000000000000000
             4.00000000000000000000            -0.00100000000000000002            -0.00100000000000000002             3.16410173055266374931            42.00000000000000000000
             4.00000000000000000000            -0.00100000000000000002            -0.00100000000000000002             3.16010173055266374575            46.00000000000000000000
             4.00000000000000000000            -0.00100000000000000002            -0.00100000000000000002             3.15610173055266374220            50.00000000000000000000
             4.00000000000000000000            -0.00100000000000000002            -0.00100000000000000002             3.15210173055266373865            54.00000000000000000000
             4.00000000000000000000            -0.00100000000000000002            -0.00100000000000000002             3.14810173055266373510            58.00000000000000000000
             4.00000000000000000000            -0.00100000000000000002            -0.00100000000000000002             3.14410173055266373154            62.00000000000000000000
             4.00000000000000000000            -0.00100000000000000002            -0.00100000000000000002             3.14010173055266372799            66.00000000000000000000
             4.00000000000000000000            -0.00100000000000000002            -0.00100000000000000002             3.13610173055266372444            70.00000000000000000000
             4.00000000000000000000            -0.00100000000000000002            -0.00100000000000000002             3.13210173055266372089            74.00000000000000000000
             4.00000000000000000000            -0.00100000000000000002            -0.00100000000000000002             3.12810173055266371733            78.00000000000000000000
             4.00000000000000000000            -0.00100000000000000002            -0.00100000000000000002             3.12410173055266371378            82.00000000000000000000
             4.00000000000000000000            -0.00100000000000000002            -0.00100000000000000002             3.12010173055266371023            86.00000000000000000000
             4.00000000000000000000            -0.00100000000000000002            -0.00100000000000000002             3.11610173055266370667            90.00000000000000000000
             4.00000000000000000000            -0.00100000000000000002            -0.00100000000000000002             3.11210173055266370312            94.00000000000000000000
             4.00000000000000000000            -0.00100000000000000002            -0.00100000000000000002             3.10810173055266369957            98.00000000000000000000
             4.00000000000000000000            -0.00100000000000000002            -0.00100000000000000002             3.10410173055266369602           102.00000000000000000000
             4.00000000000000000000            -0.00100000000000000002            -0.00100000000000000002             3.10010173055266369246           106.00000000000000000000
             4.00000000000000000000            -0.00100000000000000002            -0.00100000000000000002             3.09610173055266368891           110.00000000000000000000
             4.00000000000000000000            -0.00100000000000000002            -0.00100000000000000002             3.09210173055266368536           114.00000000000000000000
             4.00000000000000000000            -0.00100000000000000002            -0.00100000000000000002             3.08810173055266368181           118.00000000000000000000
             4.00000000000000000000            -0.00100000000000000002            -0.00100000000000000002             3.08410173055266367825           122.00000000000000000000
             4.00000000000000000000            -0.00100000000000000002            -0.00100000000000000002             3.08010173055266367470           126.00000000000000000000
             4.00000000000000000000            -0.00100000000000000002            -0.00100000000000000002             3.07610173055266367115           130.00000000000000000000
             4.00000000000000000000            -0.00100000000000000002            -0.00100000000000000002             3.07210173055266366759           134.00000000000000000000
             4.00000000000000000000            -0.00100000000000000002            -0.00100000000000000002             3.06810173055266366404           138.00000000000000000000
             4.00000000000000000000            -0.00100000000000000002            -0.00100000000000000002             3.06410173055266366049           142.00000000000000000000
             4.00000000000000000000            -0.00100000000000000002            -0.00100000000000000002             3.06010173055266365694           146.00000000000000000000
             4.00000000000000000000            -0.00100000000000000002            -0.00100000000000000002             3.05610173055266365338           150.00000000000000000000
             4.00000000000000000000            -0.00100000000000000002            -0.00100000000000000002             3.05210173055266364983           154.00000000000000000000
             4.00000000000000000000            -0.00100000000000000002            -0.00100000000000000002             3.04810173055266364628           158.00000000000000000000
             4.00000000000000000000            -0.00100000000000000002            -0.00100000000000000002             3.04410173055266364273           162.00000000000000000000
             4.00000000000000000000            -0.00100000000000000002            -0.00100000000000000002             3.04010173055266363917           166.00000000000000000000
             4.00000000000000000000            -0.00100000000000000002            -0.00100000000000000002             3.03610173055266363562           170.00000000000000000000
             4.00000000000000000000            -0.00100000000000000002            -0.00100000000000000002             3.03210173055266363207           174.00000000000000000000
             4.00000000000000000000            -0.00100000000000000002            -0.00100000000000000002             3.02810173055266362852           178.00000000000000000000
             4.00000000000000000000            -0.00100000000000000002            -0.00100000000000000002             3.02410173055266362496           182.00000000000000000000
             4.00000000000000000000            -0.00100000000000000002            -0.00100000000000000002             3.02010173055266362141           186.00000000000000000000
             4.00000000000000000000            -0.00100000000000000002            -0.00100000000000000002             3.01610173055266361786           190.00000000000000000000
             4.00000000000000000000            -0.00100000000000000002            -0.00100000000000000002             3.01210173055266361430           194.00000000000000000000
             4.00000000000000000000            -0.00100000000000000002            -0.00100000000000000002             3.00810173055266361075           198.00000000000000000000
             4.00000000000000000000            -0.00100000000000000002            -0.00100000000000000002             3.00410173055266360720           202.00000000000000000000
             4.00000000000000000000            -0.00100000000000000002            -0.00100000000000000002             3.00010173055266360365           206.00000000000000000000
             4.00000000000000000000            -0.00100000000000000002            -0.00100000000000000002             2.99610173055266360009           210.00000000000000000000
             4.00000000000000000000            -0.00100000000000000002            -0.00100000000000000002             2.99210173055266359654           214.00000000000000000000
             4.00000000000000000000            -0.00100000000000000002            -0.00100000000000000002             2.98810173055266359299           218.00000000000000000000
             4.00000000000000000000            -0.00100000000000000002            -0.00100000000000000002             2.98410173055266358944           222.00000000000000000000
             4.00000000000000000000            -0.00100000000000000002            -0.00100000000000000002             2.98010173055266358588           226.00000000000000000000
             4.00000000000000000000            -0.00100000000000000002            -0.00100000000000000002             2.97610173055266358233           230.00000000000000000000
             4.00000000000000000000            -0.00100000000000000002            -0.00100000000000000002             2.97210173055266357878           234.00000000000000000000
             4.00000000000000000000            -0.00100000000000000002            -0.00100000000000000002             2.96810173055266357522           238.00000000000000000000
             4.00000000000000000000            -0.00100000000000000002            -0.00100000000000000002             2.96410173055266357167           242.00000000000000000000
             4.00000000000000000000            -0.00100000000000000002            -0.00100000000000000002             2.96010173055266356812           246.00000000000000000000
             4.00000000000000000000            -0.00100000000000000002            -0.00100000000000000002             2.95610173055266356457           250.00000000000000000000
             4.00000000000000000000            -0.00100000000000000002            -0.00100000000000000002             2.95210173055266356101           254.00000000000000000000
             4.00000000000000000000            -0.00100000000000000002            -0.00100000000000000002             2.94810173055266355746           258.00000000000000000000
             4.00000000000000000000            -0.00100000000000000002            -0.00100000000000000002             2.94410173055266355391           262.00000000000000000000
             4.00000000000000000000            -0.00100000000000000002            -0.00100000000000000002             2.94010173055266355036           266.00000000000000000000
             4.00000000000000000000            -0.00100000000000000002            -0.00100000000000000002             2.93610173055266354680           270.00000000000000000000
             4.00000000000000000000            -0.00100000000000000002            -0.00100000000000000002             2.93210173055266354325           274.00000000000000000000
             4.00000000000000000000            -0.00100000000000000002            -0.00100000000000000002             2.92810173055266353970           278.00000000000000000000
             4.00000000000000000000            -0.00100000000000000002            -0.00100000000000000002             2.92410173055266353614           282.00000000000000000000
             4.00000000000000000000            -0.00100000000000000002            -0.00100000000000000002             2.92010173055266353259           286.00000000000000000000
             4.00000000000000000000            -0.00100000000000000002            -0.00100000000000000002             2.91610173055266352904           290.00000000000000000000
             4.00000000000000000000            -0.00100000000000000002            -0.00100000000000000002             2.91210173055266352549           294.00000000000000000000
             4.00000000000000000000            -0.00100000000000000002            -0.00100000000000000002             2.90810173055266352193           298.00000000000000000000
             4.00000000000000000000            -0.00100000000000000002            -0.00100000000000000002             2.90410173055266351838           302.00000000000000000000
             4.00000000000000000000            -0.00100000000000000002            -0.00100000000000000002             2.90010173055266351483           306.00000000000000000000
             4.00000000000000000000            -0.00100000000000000002            -0.00100000000000000002             2.89610173055266351128           310.00000000000000000000
             4.00000000000000000000            -0.00100000000000000002            -0.00100000000000000002             2.89210173055266350772           314.00000000000000000000
             4.00000000000000000000            -0.00100000000000000002            -0.00100000000000000002             2.88810173055266350417           318.00000000000000000000
             4.00000000000000000000            -0.00100000000000000002            -0.00100000000000000002             2.88410173055266350062           322.00000000000000000000
             4.00000000000000000000            -0.00100000000000000002            -0.00100000000000000002             2.88010173055266349706           326.00000000000000000000
             4.00000000000000000000            -0.00100000000000000002            -0.00100000000000000002             2.87610173055266349351           330.00000000000000000000
             4.00000000000000000000            -0.00100000000000000002            -0.00100000000000000002             2.87210173055266348996           334.00000000000000000000
             4.00000000000000000000            -0.00100000000000000002            -0.00100000000000000002             2.86810173055266348641           338.00000000000000000000
             4.00000000000000000000            -0.00100000000000000002            -0.00100000000000000002             2.86410173055266348285           342.00000000000000000000
             4.00000000000000000000            -0.00100000000000000002            -0.00100000000000000002             2.86010173055266347930           346.00000000000000000000
             4.00000000000000000000            -0.00100000000000000002            -0.00100000000000000002             2.85610173055266347575           350.00000000000000000000
             4.00000000000000000000            -0.00100000000000000002            -0.00100000000000000002             2.85210173055266347220           354.00000000000000000000
             4.00000000000000000000            -0.00100000000000000002            -0.00100000000000000002             2.84810173055266346864           358.00000000000000000000
             4.00000000000000000000            -0.00100000000000000002            -0.00100000000000000002             2.84410173055266346509           362.00000000000000000000
             4.00000000000000000000            -0.00100000000000000002            -0.00100000000000000002             2.84010173055266346154           366.00000000000000000000
             4.00000000000000000000            -0.00100000000000000002            -0.00100000000000000002             2.83610173055266345798           370.00000000000000000000
             4.00000000000000000000            -0.00100000000000000002            -0.00100000000000000002             2.83210173055266345443           374.00000000000000000000
             4.00000000000000000000            -0.00100000000000000002            -0.00100000000000000002             2.82810173055266345088           378.00000000000000000000
             4.00000000000000000000            -0.00100000000000000002            -0.00100000000000000002             2.82410173055266344733           382.00000000000000000000
             4.00000000000000000000            -0.00100000000000000002            -0.00100000000000000002             2.82010173055266344377           386.00000000000000000000
             4.00000000000000000000            -0.00100000000000000002            -0.00100000000000000002             2.81610173055266344022           390.00000000000000000000
             4.00000000000000000000            -0.00100000000000000002            -0.00100000000000000002             2.81210173055266343667           394.00000000000000000000
             4.00000000000000000000            -0.00100000000000000002            -0.00100000000000000002             2.80810173055266343312           398.00000000000000000000
             4.00000000000000000000            -0.00100000000000000002            -0.00100000000000000002             2.80410173055266342956           402.00000000000000000000
             4.00000000000000000000            -0.00100000000000000002            -0.00100000000000000002             2.80010173055266342601           406.00000000000000000000
             4.00000000000000000000            -0.00100000000000000002            -0.00100000000000000002             2.79610173055266342246           410.00000000000000000000
             4.00000000000000000000            -0.00100000000000000002            -0.00100000000000000002             2.79210173055266341891           414.00000000000000000000
             4.00000000000000000000            -0.00100000000000000002            -0.00100000000000000002             2.78810173055266341535           418.00000000000000000000
             4.00000000000000000000            -0.00100000000000000002            -0.00100000000000000002             2.78410173055266341180           422.00000000000000000000
             4.00000000000000000000            -0.00100000000000000002            -0.00100000000000000002             2.78010173055266340825           426.00000000000000000000
             4.00000000000000000000            -0.00100000000000000002            -0.00100000000000000002             2.77610173055266340469           430.00000000000000000000
             4.00000000000000000000            -0.00100000000000000002            -0.00100000000000000002             2.77210173055266340114           434.00000000000000000000
             4.00000000000000000000            -0.00100000000000000002            -0.00100000000000000002             2.76810173055266339759           438.00000000000000000000
             4.00000000000000000000            -0.00100000000000000002            -0.00100000000000000002             2.76410173055266339404           442.00000000000000000000
             4.00000000000000000000            -0.00100000000000000002            -0.00100000000000000002             2.76010173055266339048           446.00000000000000000000
             4.00000000000000000000            -0.00100000000000000002            -0.00100000000000000002             2.75610173055266338693           450.00000000000000000000
             4.00000000000000000000            -0.00100000000000000002            -0.00100000000000000002             2.75210173055266338338           454.00000000000000000000
             4.00000000000000000000            -0.00100000000000000002            -0.00100000000000000002             2.74810173055266337983           458.00000000000000000000
             4.00000000000000000000            -0.00100000000000000002            -0.00100000000000000002             2.74410173055266337627           462.00000000000000000000
             4.00000000000000000000            -0.00100000000000000002            -0.00100000000000000002             2.74010173055266337272           466.00000000000000000000
             4.00000000000000000000            -0.00100000000000000002            -0.00100000000000000002             2.73610173055266336917           470.00000000000000000000
             4.00000000000000000000            -0.00100000000000000002            -0.00100000000000000002             2.73210173055266336561           474.00000000000000000000
             4.00000000000000000000            -0.00100000000000000002            -0.00100000000000000002             2.72810173055266336206           478.00000000000000000000
             4.00000000000000000000            -0.00100000000000000002            -0.00100000000000000002             2.72410173055266335851           482.00000000000000000000
             4.00000000000000000000            -0.00100000000000000002            -0.00100000000000000002             2.72010173055266335496           486.00000000000000000000
             4.00000000000000000000            -0.00100000000000000002            -0.00100000000000000002             2.71610173055266335140           490.00000000000000000000
             4.00000000000000000000            -0.00100000000000000002            -0.00100000000000000002             2.71210173055266334785           494.00000000000000000000
             4.00000000000000000000            -0.00100000000000000002            -0.00100000000000000002             2.70810173055266334430           498.00000000000000000000
             4.00000000000000000000            -0.00100000000000000002            -0.00100000000000000002             2.70410173055266334075           502.00000000000000000000
             4.00000000000000000000            -0.00100000000000000002            -0.00100000000000000002             2.70010173055266333719           506.00000000000000000000
             4.00000000000000000000            -0.00100000000000000002            -0.00100000000000000002             2.69610173055266333364           510.00000000000000000000
             4.00000000000000000000            -0.00100000000000000002            -0.00100000000000000002             2.69210173055266333009           514.00000000000000000000
             4.00000000000000000000            -0.00100000000000000002            -0.00100000000000000002             2.68810173055266332653           518.00000000000000000000
             4.00000000000000000000            -0.00100000000000000002            -0.00100000000000000002             2.68410173055266332298           522.00000000000000000000
             4.00000000000000000000            -0.00100000000000000002            -0.00100000000000000002             2.68010173055266331943           526.00000000000000000000
             4.00000000000000000000            -0.00100000000000000002            -0.00100000000000000002             2.67610173055266331588           530.00000000000000000000
             4.00000000000000000000            -0.00100000000000000002            -0.00100000000000000002             2.67210173055266331232           534.00000000000000000000
             4.00000000000000000000            -0.00100000000000000002            -0.00100000000000000002             2.66810173055266330877           538.00000000000000000000
             4.00000000000000000000            -0.00100000000000000002            -0.00100000000000000002             2.66410173055266330522           542.00000000000000000000
             4.00000000000000000000            -0.00100000000000000002            -0.00100000000000000002             2.66010173055266330167           546.00000000000000000000
             4.00000000000000000000            -0.00100000000000000002            -0.00100000000000000002             2.65610173055266329811           550.00000000000000000000
             4.00000000000000000000            -0.00100000000000000002            -0.00100000000000000002             2.65210173055266329456           554.00000000000000000000
             4.00000000000000000000            -0.00100000000000000002            -0.00100000000000000002             2.64810173055266329101           558.00000000000000000000
             4.00000000000000000000            -0.00100000000000000002            -0.00100000000000000002             2.64410173055266328745           562.00000000000000000000
             4.00000000000000000000            -0.00100000000000000002            -0.00100000000000000002             2.64010173055266328390           566.00000000000000000000
             4.00000000000000000000            -0.00100000000000000002            -0.00100000000000000002             2.63610173055266328035           570.00000000000000000000
             4.00000000000000000000            -0.00100000000000000002            -0.00100000000000000002             2.63210173055266327680           574.00000000000000000000
             4.00000000000000000000            -0.00100000000000000002            -0.00100000000000000002             2.62810173055266327324           578.00000000000000000000
             4.00000000000000000000            -0.00100000000000000002            -0.00100000000000000002             2.62410173055266326969           582.00000000000000000000
             4.00000000000000000000            -0.00100000000000000002            -0.00100000000000000002             2.62010173055266326614           586.00000000000000000000
             4.00000000000000000000            -0.00100000000000000002            -0.00100000000000000002             2.61610173055266326259           590.00000000000000000000
             4.00000000000000000000            -0.00100000000000000002            -0.00100000000000000002             2.61210173055266325903           594.00000000000000000000
             4.00000000000000000000            -0.00100000000000000002            -0.00100000000000000002             2.60810173055266325548           598.00000000000000000000
             4.00000000000000000000            -0.00100000000000000002            -0.00100000000000000002             2.60410173055266325193           602.00000000000000000000
             4.00000000000000000000            -0.00100000000000000002            -0.00100000000000000002             2.60010173055266324837           606.00000000000000000000
             4.00000000000000000000            -0.00100000000000000002            -0.00100000000000000002             2.59610173055266324482           610.00000000000000000000
             4.00000000000000000000            -0.00100000000000000002            -0.00100000000000000002             2.59210173055266324127           614.00000000000000000000
             4.00000000000000000000            -0.00100000000000000002            -0.00100000000000000002             2.58810173055266323772           618.00000000000000000000
             4.00000000000000000000            -0.00100000000000000002            -0.00100000000000000002             2.58410173055266323416           622.00000000000000000000
             4.00000000000000000000            -0.00100000000000000002            -0.00100000000000000002             2.58010173055266323061           626.00000000000000000000
             4.00000000000000000000            -0.00100000000000000002            -0.00100000000000000002             2.57610173055266322706           630.00000000000000000000
             4.00000000000000000000            -0.00100000000000000002            -0.00100000000000000002             2.57210173055266322351           634.00000000000000000000
             4.00000000000000000000            -0.00100000000000000002            -0.00100000000000000002             2.56810173055266321995           638.00000000000000000000
             4.00000000000000000000            -0.00100000000000000002            -0.00100000000000000002             2.56410173055266321640           642.00000000000000000000
             4.00000000000000000000            -0.00100000000000000002            -0.00100000000000000002             2.56010173055266321285           646.00000000000000000000
             4.00000000000000000000            -0.00100000000000000002            -0.00100000000000000002             2.55610173055266320929           650.00000000000000000000
             4.00000000000000000000            -0.00100000000000000002            -0.00100000000000000002             2.55210173055266320574           654.00000000000000000000
             4.00000000000000000000            -0.00100000000000000002            -0.00100000000000000002             2.54810173055266320219           658.00000000000000000000
             4.00000000000000000000            -0.00100000000000000002            -0.00100000000000000002             2.54410173055266319864           662.00000000000000000000
             4.00000000000000000000            -0.00100000000000000002            -0.00100000000000000002             2.54010173055266319508           666.00000000000000000000
             4.00000000000000000000            -0.00100000000000000002            -0.00100000000000000002             2.53610173055266319153           670.00000000000000000000
             4.00000000000000000000            -0.00100000000000000002            -0.00100000000000000002             2.53210173055266318798           674.00000000000000000000
             4.00000000000000000000            -0.00100000000000000002            -0.00100000000000000002             2.52810173055266318443           678.00000000000000000000
             4.00000000000000000000            -0.00100000000000000002            -0.00100000000000000002             2.52410173055266318087           682.00000000000000000000
             4.00000000000000000000            -0.00100000000000000002            -0.00100000000000000002             2.52010173055266317732           686.00000000000000000000
             4.00000000000000000000            -0.00100000000000000002            -0.00100000000000000002             2.51610173055266317377           690.00000000000000000000
             4.00000000000000000000            -0.00100000000000000002            -0.00100000000000000002             2.51210173055266317022           694.00000000000000000000
             4.00000000000000000000            -0.00100000000000000002            -0.00100000000000000002             2.50810173055266316666           698.00000000000000000000
             4.00000000000000000000            -0.00100000000000000002            -0.00100000000000000002             2.50410173055266316311           702.00000000000000000000
             4.00000000000000000000            -0.00100000000000000002            -0.00100000000000000002             2.50010173055266315956           706.00000000000000000000
             4.00000000000000000000            -0.00100000000000000002            -0.00100000000000000002             2.49610173055266315600           710.00000000000000000000
             4.00000000000000000000            -0.00100000000000000002            -0.00100000000000000002             2.49210173055266315245           714.00000000000000000000
             4.00000000000000000000            -0.00100000000000000002            -0.00100000000000000002             2.48810173055266314890           718.00000000000000000000
             4.00000000000000000000            -0.00100000000000000002            -0.00100000000000000002             2.48410173055266314535           722.00000000000000000000
             4.00000000000000000000            -0.00100000000000000002            -0.00100000000000000002             2.48010173055266314179           726.00000000000000000000
             4.00000000000000000000            -0.00100000000000000002            -0.00100000000000000002             2.47610173055266313824           730.00000000000000000000
             4.00000000000000000000            -0.00100000000000000002            -0.00100000000000000002             2.47210173055266313469           734.00000000000000000000
             4.00000000000000000000            -0.00100000000000000002            -0.00100000000000000002             2.46810173055266313114           738.00000000000000000000
             4.00000000000000000000            -0.00100000000000000002            -0.00100000000000000002             2.46410173055266312758           742.00000000000000000000
             4.00000000000000000000            -0.00100000000000000002            -0.00100000000000000002             2.46010173055266312403           746.00000000000000000000
             4.00000000000000000000            -0.00100000000000000002            -0.00100000000000000002             2.45610173055266312048           750.00000000000000000000
             4.00000000000000000000            -0.00100000000000000002            -0.00100000000000000002             2.45210173055266311692           754.00000000000000000000
             4.00000000000000000000            -0.00100000000000000002            -0.00100000000000000002             2.44810173055266311337           758.00000000000000000000
             4.00000000000000000000            -0.00100000000000000002            -0.00100000000000000002             2.44410173055266310982           762.00000000000000000000
             4.00000000000000000000            -0.00100000000000000002            -0.00100000000000000002             2.44010173055266310627           766.00000000000000000000
             4.00000000000000000000            -0.00100000000000000002            -0.00100000000000000002             2.43610173055266310271           770.00000000000000000000
             4.00000000000000000000            -0.00100000000000000002            -0.00100000000000000002             2.43210173055266309916           774.00000000000000000000
             4.00000000000000000000            -0.00100000000000000002            -0.00100000000000000002             2.42810173055266309561           778.00000000000000000000
             4.00000000000000000000            -0.00100000000000000002            -0.00100000000000000002             2.42410173055266309206           782.00000000000000000000
             4.00000000000000000000            -0.00100000000000000002            -0.00100000000000000002             2.42010173055266308850           786.00000000000000000000
             4.00000000000000000000            -0.00100000000000000002            -0.00100000000000000002             2.41610173055266308495           790.00000000000000000000
             4.00000000000000000000            -0.00100000000000000002            -0.00100000000000000002             2.41210173055266308140           794.00000000000000000000
             4.00000000000000000000            -0.00100000000000000002            -0.00100000000000000002             2.40810173055266307784           798.00000000000000000000
             0.00000000000000000000
           9          -1          -1           3           2           1           0          50          -1          -1           6          -1          -1           2             0.00000000000000000000             1.00000000000000000000             4.24264068711928565847             8.00000000000000000000             4.00000000000000000000             0.00000000000000000000
             4.24264068711928565847            -0.00100000000000000002            -0.00100000000000000002             3.41611244456506835121             2.12132034355964282923
             4.24264068711928565847            -0.00100000000000000002            -0.00100000000000000002             3.41186980387794891456             6.36396103067892848770
             4.24264068711928565847            -0.00100000000000000002            -0.00100000000000000002             3.40762716319082947791            10.60660171779821325799
             4.24264068711928565847            -0.00100000000000000002            -0.00100000000000000002             3.40338452250371004126            14.84924240491749891646
             4.24264068711928565847            -0.00100000000000000002            -0.00100000000000000002             3.39914188181659060461            19.09188309203678457493
             4.24264068711928565847            -0.00100000000000000002            -0.00100000000000000002             3.39489924112947116797            23.33452377915607200976
             4.24264068711928565847            -0.00100000000000000002            -0.00100000000000000002             3.39065660044235173132            27.57716446627535589187
             4.24264068711928565847            -0.00100000000000000002            -0.00100000000000000002             3.38641395975523229467            31.81980515339463977398
             4.24264068711928565847            -0.00100000000000000002            -0.00100000000000000002             3.38217131906811285802            36.06244584051392365609
             4.24264068711928565847            -0.00100000000000000002            -0.00100000000000000002             3.37792867838099342137            40.30508652763320753820
             4.24264068711928565847            -0.00100000000000000002            -0.00100000000000000002             3.37368603769387398472            44.54772721475249142031
             4.24264068711928565847            -0.00100000000000000002            -0.00100000000000000002             3.36944339700675454807            48.79036790187177530242
             4.24264068711928565847            -0.00100000000000000002            -0.00100000000000000002             3.36520075631963511142            53.03300858899105918454
             4.24264068711928565847            -0.00100000000000000002            -0.00100000000000000002             3.36095811563251567478            57.27564927611034306665
             4.24264068711928565847            -0.00100000000000000002            -0.00100000000000000002             3.35671547494539623813            61.51828996322962694876
             4.24264068711928565847            -0.00100000000000000002            -0.00100000000000000002             3.35247283425827680148            65.76093065034891083087
             4.24264068711928565847            -0.00100000000000000002            -0.00100000000000000002             3.34823019357115736483            70.00357133746820181841
             4.24264068711928565847            -0.00100000000000000002            -0.00100000000000000002             3.34398755288403792818            74.24621202458749280595
             4.24264068711928565847            -0.00100000000000000002            -0.00100000000000000002             3.33974491219691849153            78.48885271170678379349
             4.24264068711928565847            -0.00100000000000000002            -0.00100000000000000002             3.33550227150979905488            82.73149339882607478103
             4.24264068711928565847            -0.00100000000000000002            -0.00100000000000000002             3.33125963082267961823            86.97413408594536576857
             4.24264068711928565847            -0.00100000000000000002            -0.00100000000000000002             3.32701699013556018159            91.21677477306465675611
             4.24264068711928565847            -0.00100000000000000002            -0.00100000000000000002             3.32277434944844074494            95.45941546018394774364
             4.24264068711928565847            -0.00100000000000000002            -0.00100000000000000002             3.31853170876132130829            99.70205614730323873118
             4.24264068711928565847            -0.00100000000000000002            -0.00100000000000000002             3.31428906807420187164           103.94469683442252971872
             4.24264068711928565847            -0.00100000000000000002            -0.00100000000000000002             3.31004642738708243499           108.18733752154182070626
             4.24264068711928565847            -0.00100000000000000002            -0.00100000000000000002             3.30580378669996299834           112.42997820866111169380
             4.24264068711928565847            -0.00100000000000000002            -0.00100000000000000002             3.30156114601284356169           116.67261889578040268134
             4.24264068711928565847            -0.00100000000000000002            -0.00100000000000000002             3.29731850532572412504           120.91525958289969366888
             4.24264068711928565847            -0.00100000000000000002            -0.00100000000000000002             3.29307586463860468839           125.15790027001898465642
             4.24264068711928565847            -0.00100000000000000002            -0.00100000000000000002             3.28883322395148525175           129.40054095713827564396
             4.24264068711928565847            -0.00100000000000000002            -0.00100000000000000002             3.28459058326436581510           133.64318164425756663150
             4.24264068711928565847            -0.00100000000000000002            -0.00100000000000000002             3.28034794257724637845           137.88582233137685761903
             4.24264068711928565847            -0.00100000000000000002            -0.00100000000000000002             3.27610530189012694180           142.12846301849614860657
             4.24264068711928565847            -0.00100000000000000002            -0.00100000000000000002             3.27186266120300750515           146.37110370561543959411
             4.24264068711928565847            -0.00100000000000000002            -0.00100000000000000002             3.26762002051588806850           150.61374439273473058165
             4.24264068711928565847            -0.00100000000000000002            -0.00100000000000000002             3.26337737982876863185           154.85638507985402156919
             4.24264068711928565847            -0.00100000000000000002            -0.00100000000000000002             3.25913473914164919520           159.09902576697331255673
             4.24264068711928565847            -0.00100000000000000002            -0.00100000000000000002             3.25489209845452975856           163.34166645409260354427
             4.24264068711928565847            -0.00100000000000000002            -0.00100000000000000002             3.25064945776741032191           167.58430714121189453181
             4.24264068711928565847            -0.00100000000000000002            -0.00100000000000000002             3.24640681708029088526           171.82694782833118551935
             4.24264068711928565847            -0.00100000000000000002            -0.00100000000000000002             3.24216417639317144861           176.06958851545047650689
             4.24264068711928565847            -0.00100000000000000002            -0.00100000000000000002             3.23792153570605201196           180.31222920256976749442
             4.24264068711928565847            -0.00100000000000000002            -0.00100000000000000002             3.23367889501893257531           184.55486988968905848196
             4.24264068711928565847            -0.00100000000000000002            -0.00100000000000000002             3.22943625433181313866           188.79751057680834946950
             4.24264068711928565847            -0.00100000000000000002            -0.00100000000000000002             3.22519361364469370201           193.04015126392764045704
             4.24264068711928565847            -0.00100000000000000002            -0.00100000000000000002             3.22095097295757426537           197.28279195104693144458
             4.24264068711928565847            -0.00100000000000000002            -0.00100000000000000002             3.21670833227045482872           201.52543263816622243212
             4.24264068711928565847            -0.00100000000000000002            -0.00100000000000000002             3.21246569158333539207           205.76807332528551341966
             4.24264068711928565847            -0.00100000000000000002            -0.00100000000000000002             3.20822305089621595542           210.01071401240480440720
             0.00000000000000000000
          10          -1          -1           4           2           1           0          50          -1          -1           6          -1          -1           2             0.00000000000000000000             1.00000000000000000000             4.24264068711928565847             8.00000000000000000000             4.00000000000000000000             0.00000000000000000000
             4.24264068711928565847            -0.00100000000000000002            -0.00100000000000000002             3.41611244456506835121             2.12132034355964282923
             4.24264068711928565847            -0.00100000000000000002            -0.00100000000000000002             3.41186980387794891456             6.36396103067892848770
             4.24264068711928565847            -0.00100000000000000002            -0.00100000000000000002             3.40762716319082947791            10.60660171779821325799
             4.24264068711928565847            -0.00100000000000000002            -0.00100000000000000002             3.40338452250371004126            14.84924240491749891646
             4.24264068711928565847            -0.00100000000000000002            -0.00100000000000000002             3.39914188181659060461            19.09188309203678457493
             4.24264068711928565847            -0.00100000000000000002            -0.00100000000000000002             3.39489924112947116797            23.33452377915607200976
             4.24264068711928565847            -0.00100000000000000002            -0.00100000000000000002             3.39065660044235173132            27.57716446627535589187
             4.24264068711928565847            -0.00100000000000000002            -0.00100000000000000002             3.38641395975523229467            31.81980515339463977398
             4.24264068711928565847            -0.00100000000000000002            -0.00100000000000000002             3.38217131906811285802            36.06244584051392365609
             4.24264068711928565847            -0.00100000000000000002            -0.00100000000000000002             3.37792867838099342137            40.30508652763320753820
             4.24264068711928565847            -0.00100000000000000002            -0.00100000000000000002             3.37368603769387398472            44.54772721475249142031
             4.24264068711928565847            -0.00100000000000000002            -0.00100000000000000002             3.36944339700675454807            48.79036790187177530242
             4.24264068711928565847            -0.00100000000000000002            -0.00100000000000000002             3.36520075631963511142            53.03300858899105918454
             4.24264068711928565847            -0.00100000000000000002            -0.00100000000000000002             3.36095811563251567478            57.27564927611034306665
             4.24264068711928565847            -0.00100000000000000002            -0.00100000000000000002             3.35671547494539623813            61.51828996322962694876
             4.24264068711928565847            -0.00100000000000000002            -0.00100000000000000002             3.35247283425827680148            65.76093065034891083087
             4.24264068711928565847            -0.00100000000000000002            -0.00100000000000000002             3.34823019357115736483            70.00357133746820181841
             4.24264068711928565847            -0.00100000000000000002            -0.00100000000000000002             3.34398755288403792818            74.24621202458749280595
             4.24264068711928565847            -0.00100000000000000002            -0.00100000000000000002             3.33974491219691849153            78.48885271170678379349
             4.24264068711928565847            -0.00100000000000000002            -0.00100000000000000002             3.33550227150979905488            82.73149339882607478103
             4.24264068711928565847            -0.00100000000000000002            -0.00100000000000000002             3.33125963082267961823            86.97413408594536576857
             4.24264068711928565847            -0.00100000000000000002            -0.00100000000000000002             3.32701699013556018159            91.21677477306465675611
             4.24264068711928565847            -0.00100000000000000002            -0.00100000000000000002             3.32277434944844074494            95.45941546018394774364
             4.24264068711928565847            -0.00100000000000000002            -0.00100000000000000002             3.31853170876132130829            99.70205614730323873118
             4.24264068711928565847            -0.00100000000000000002            -0.00100000000000000002             3.31428906807420187164           103.94469683442252971872
             4.24264068711928565847            -0.00100000000000000002            -0.00100000000000000002             3.31004642738708243499           108.18733752154182070626
             4.24264068711928565847            -0.00100000000000000002            -0.00100000000000000002             3.30580378669996299834           112.42997820866111169380
             4.24264068711928565847            -0.00100000000000000002            -0.00100000000000000002             3.30156114601284356169           116.67261889578040268134
             4.24264068711928565847            -0.00100000000000000002            -0.00100000000000000002             3.29731850532572412504           120.91525958289969366888
             4.24264068711928565847            -0.00100000000000000002            -0.00100000000000000002             3.29307586463860468839           125.15790027001898465642
             4.24264068711928565847            -0.00100000000000000002            -0.00100000000000000002             3.28883322395148525175           129.40054095713827564396
             4.24264068711928565847            -0.00100000000000000002            -0.00100000000000000002             3.28459058326436581510           133.64318164425756663150
             4.24264068711928565847            -0.00100000000000000002            -0.00100000000000000002             3.28034794257724637845           137.88582233137685761903
             4.24264068711928565847            -0.00100000000000000002            -0.00100000000000000002             3.27610530189012694180           142.12846301849614860657
             4.24264068711928565847            -0.00100000000000000002            -0.00100000000000000002             3.27186266120300750515           146.37110370561543959411
             4.24264068711928565847            -0.00100000000000000002            -0.00100000000000000002             3.26762002051588806850           150.61374439273473058165
             4.24264068711928565847            -0.00100000000000000002            -0.00100000000000000002             3.26337737982876863185           154.85638507985402156919
             4.24264068711928565847            -0.00100000000000000002            -0.00100000000000000002             3.25913473914164919520           159.09902576697331255673
             4.24264068711928565847            -0.00100000000000000002            -0.00100000000000000002             3.25489209845452975856           163.34166645409260354427
             4.24264068711928565847            -0.00100000000000000002            -0.00100000000000000002             3.25064945776741032191           167.58430714121189453181
             4.24264068711928565847            -0.00100000000000000002            -0.00100000000000000002             3.24640681708029088526           171.82694782833118551935
             4.24264068711928565847            -0.00100000000000000002            -0.00100000000000000002             3.24216417639317144861           176.06958851545047650689
             4.24264068711928565847            -0.00100000000000000002            -0.00100000000000000002             3.23792153570605201196           180.31222920256976749442
             4.24264068711928565847            -0.00100000000000000002            -0.00100000000000000002             3.23367889501893257531           184.55486988968905848196
             4.24264068711928565847            -0.00100000000000000002            -0.00100000000000000002             3.22943625433181313866           188.79751057680834946950
             4.24264068711928565847            -0.00100000000000000002            -0.00100000000000000002             3.22519361364469370201           193.04015126392764045704
             4.24264068711928565847            -0.00100000000000000002            -0.00100000000000000002             3.22095097295757426537           197.28279195104693144458
             4.24264068711928565847            -0.00100000000000000002            -0.00100000000000000002             3.21670833227045482872           201.52543263816622243212
             4.24264068711928565847            -0.00100000000000000002            -0.00100000000000000002             3.21246569158333539207           205.76807332528551341966
             4.24264068711928565847            -0.00100000000000000002            -0.00100000000000000002             3.20822305089621595542           210.01071401240480440720
             0.00000000000000000000
          15           2           1          -1           1          -1           0         100          -1          -1           2          -1          -1           1             0.00000000000000000000             1.75000000000000000000             4.00000000000000000000             0.00000000000000000000             4.00000000000000000000             0.00000000000000000000
             4.00000000000000000000            -0.00100000000000000002            -0.00100000000000000002             2.80410173055266342956           402.00000000000000000000
             4.00000000000000000000            -0.00100000000000000002            -0.00100000000000000002             2.80010173055266342601           406.00000000000000000000
             4.00000000000000000000            -0.00100000000000000002            -0.00100000000000000002             2.79610173055266342246           410.00000000000000000000
             4.00000000000000000000            -0.00100000000000000002            -0.00100000000000000002             2.79210173055266341891           414.00000000000000000000
             4.00000000000000000000            -0.00100000000000000002            -0.00100000000000000002             2.78810173055266341535           418.00000000000000000000
             4.00000000000000000000            -0.00100000000000000002            -0.00100000000000000002             2.78410173055266341180           422.00000000000000000000
             4.00000000000000000000            -0.00100000000000000002            -0.00100000000000000002             2.78010173055266340825           426.00000000000000000000
             4.00000000000000000000            -0.00100000000000000002            -0.00100000000000000002             2.77610173055266340469           430.00000000000000000000
             4.00000000000000000000            -0.00100000000000000002            -0.00100000000000000002             2.77210173055266340114           434.00000000000000000000
             4.00000000000000000000            -0.00100000000000000002            -0.00100000000000000002             2.76810173055266339759           438.00000000000000000000
             4.00000000000000000000            -0.00100000000000000002            -0.00100000000000000002             2.76410173055266339404           442.00000000000000000000
             4.00000000000000000000            -0.00100000000000000002            -0.00100000000000000002             2.76010173055266339048           446.00000000000000000000
             4.00000000000000000000            -0.00100000000000000002            -0.00100000000000000002             2.75610173055266338693           450.00000000000000000000
             4.00000000000000000000            -0.00100000000000000002            -0.00100000000000000002             2.75210173055266338338           454.00000000000000000000
             4.00000000000000000000            -0.00100000000000000002            -0.00100000000000000002             2.74810173055266337983           458.00000000000000000000
             4.00000000000000000000            -0.00100000000000000002            -0.00100000000000000002             2.74410173055266337627           462.00000000000000000000
             4.00000000000000000000            -0.00100000000000000002            -0.00100000000000000002             2.74010173055266337272           466.00000000000000000000
             4.00000000000000000000            -0.00100000000000000002            -0.00100000000000000002             2.73610173055266336917           470.00000000000000000000
             4.00000000000000000000            -0.00100000000000000002            -0.00100000000000000002             2.73210173055266336561           474.00000000000000000000
             4.00000000000000000000            -0.00100000000000000002            -0.00100000000000000002             2.72810173055266336206           478.00000000000000000000
             4.00000000000000000000            -0.00100000000000000002            -0.00100000000000000002             2.72410173055266335851           482.00000000000000000000
             4.00000000000000000000            -0.00100000000000000002            -0.00100000000000000002             2.72010173055266335496           486.00000000000000000000
             4.00000000000000000000            -0.00100000000000000002            -0.00100000000000000002             2.71610173055266335140           490.00000000000000000000
             4.00000000000000000000            -0.00100000000000000002            -0.00100000000000000002             2.71210173055266334785           494.00000000000000000000
             4.00000000000000000000            -0.00100000000000000002            -0.00100000000000000002             2.70810173055266334430           498.00000000000000000000
             4.00000000000000000000            -0.00100000000000000002            -0.00100000000000000002             2.70410173055266334075           502.00000000000000000000
             4.00000000000000000000            -0.00100000000000000002            -0.00100000000000000002             2.70010173055266333719           506.00000000000000000000
             4.00000000000000000000            -0.00100000000000000002            -0.00100000000000000002             2.69610173055266333364           510.00000000000000000000
             4.00000000000000000000            -0.00100000000000000002            -0.00100000000000000002             2.69210173055266333009           514.00000000000000000000
             4.00000000000000000000            -0.00100000000000000002            -0.00100000000000000002             2.68810173055266332653           518.00000000000000000000
             4.00000000000000000000            -0.00100000000000000002            -0.00100000000000000002             2.68410173055266332298           522.00000000000000000000
             4.00000000000000000000            -0.00100000000000000002            -0.00100000000000000002             2.68010173055266331943           526.00000000000000000000
             4.00000000000000000000            -0.00100000000000000002            -0.00100000000000000002             2.67610173055266331588           530.00000000000000000000
             4.00000000000000000000            -0.00100000000000000002            -0.00100000000000000002             2.67210173055266331232           534.00000000000000000000
             4.00000000000000000000            -0.00100000000000000002            -0.00100000000000000002             2.66810173055266330877           538.00000000000000000000
             4.00000000000000000000            -0.00100000000000000002            -0.00100000000000000002             2.66410173055266330522           542.00000000000000000000
             4.00000000000000000000            -0.00100000000000000002            -0.00100000000000000002             2.66010173055266330167           546.00000000000000000000
             4.00000000000000000000            -0.00100000000000000002            -0.00100000000000000002             2.65610173055266329811           550.00000000000000000000
             4.00000000000000000000            -0.00100000000000000002            -0.00100000000000000002             2.65210173055266329456           554.00000000000000000000
             4.00000000000000000000            -0.00100000000000000002            -0.00100000000000000002             2.64810173055266329101           558.00000000000000000000
             4.00000000000000000000            -0.00100000000000000002            -0.00100000000000000002             2.64410173055266328745           562.00000000000000000000
             4.00000000000000000000            -0.00100000000000000002            -0.00100000000000000002             2.64010173055266328390           566.00000000000000000000
             4.00000000000000000000            -0.00100000000000000002            -0.00100000000000000002             2.63610173055266328035           570.00000000000000000000
             4.00000000000000000000            -0.00100000000000000002            -0.00100000000000000002             2.63210173055266327680           574.00000000000000000000
             4.00000000000000000000            -0.00100000000000000002            -0.00100000000000000002             2.62810173055266327324           578.00000000000000000000
             4.00000000000000000000            -0.00100000000000000002            -0.00100000000000000002             2.62410173055266326969           582.00000000000000000000
             4.00000000000000000000            -0.00100000000000000002            -0.00100000000000000002             2.62010173055266326614           586.00000000000000000000
             4.00000000000000000000            -0.00100000000000000002            -0.00100000000000000002             2.61610173055266326259           590.00000000000000000000
             4.00000000000000000000            -0.00100000000000000002            -0.00100000000000000002             2.61210173055266325903           594.00000000000000000000
             4.00000000000000000000            -0.00100000000000000002            -0.00100000000000000002             2.60810173055266325548           598.00000000000000000000
             4.00000000000000000000            -0.00100000000000000002            -0.00100000000000000002             2.60410173055266325193           602.00000000000000000000
             4.00000000000000000000            -0.00100000000000000002            -0.00100000000000000002             2.60010173055266324837           606.00000000000000000000
             4.00000000000000000000            -0.00100000000000000002            -0.00100000000000000002             2.59610173055266324482           610.00000000000000000000
             4.00000000000000000000            -0.00100000000000000002            -0.00100000000000000002             2.59210173055266324127           614.00000000000000000000
             4.00000000000000000000            -0.00100000000000000002            -0.00100000000000000002             2.58810173055266323772           618.00000000000000000000
             4.00000000000000000000            -0.00100000000000000002            -0.00100000000000000002             2.58410173055266323416           622.00000000000000000000
             4.00000000000000000000            -0.00100000000000000002            -0.00100000000000000002             2.58010173055266323061           626.00000000000000000000
             4.00000000000000000000            -0.00100000000000000002            -0.00100000000000000002             2.57610173055266322706           630.00000000000000000000
             4.00000000000000000000            -0.00100000000000000002            -0.00100000000000000002             2.57210173055266322351           634.00000000000000000000
             4.00000000000000000000            -0.00100000000000000002            -0.00100000000000000002             2.56810173055266321995           638.00000000000000000000
             4.00000000000000000000            -0.00100000000000000002            -0.00100000000000000002             2.56410173055266321640           642.00000000000000000000
             4.00000000000000000000            -0.00100000000000000002            -0.00100000000000000002             2.56010173055266321285           646.00000000000000000000
             4.00000000000000000000            -0.00100000000000000002            -0.00100000000000000002             2.55610173055266320929           650.00000000000000000000
             4.00000000000000000000            -0.00100000000000000002            -0.00100000000000000002             2.55210173055266320574           654.00000000000000000000
             4.00000000000000000000            -0.00100000000000000002            -0.00100000000000000002             2.54810173055266320219           658.00000000000000000000
             4.00000000000000000000            -0.00100000000000000002            -0.00100000000000000002             2.54410173055266319864           662.00000000000000000000
             4.00000000000000000000            -0.00100000000000000002            -0.00100000000000000002             2.54010173055266319508           666.00000000000000000000
             4.00000000000000000000            -0.00100000000000000002            -0.00100000000000000002             2.53610173055266319153           670.00000000000000000000
             4.00000000000000000000            -0.00100000000000000002            -0.00100000000000000002             2.53210173055266318798           674.00000000000000000000
             4.00000000000000000000            -0.00100000000000000002            -0.00100000000000000002             2.52810173055266318443           678.00000000000000000000
             4.00000000000000000000            -0.00100000000000000002            -0.00100000000000000002             2.52410173055266318087           682.00000000000000000000
             4.00000000000000000000            -0.00100000000000000002            -0.00100000000000000002             2.52010173055266317732           686.00000000000000000000
             4.00000000000000000000            -0.00100000000000000002            -0.00100000000000000002             2.51610173055266317377           690.00000000000000000000
             4.00000000000000000000            -0.00100000000000000002            -0.00100000000000000002             2.51210173055266317022           694.00000000000000000000
             4.00000000000000000000            -0.00100000000000000002            -0.00100000000000000002             2.50810173055266316666           698.00000000000000000000
             4.00000000000000000000            -0.00100000000000000002            -0.00100000000000000002             2.50410173055266316311           702.00000000000000000000
             4.00000000000000000000            -0.00100000000000000002            -0.00100000000000000002             2.50010173055266315956           706.00000000000000000000
             4.00000000000000000000            -0.00100000000000000002            -0.00100000000000000002             2.49610173055266315600           710.00000000000000000000
             4.00000000000000000000            -0.00100000000000000002            -0.00100000000000000002             2.49210173055266315245           714.00000000000000000000
             4.00000000000000000000            -0.00100000000000000002            -0.00100000000000000002             2.48810173055266314890           718.00000000000000000000
             4.00000000000000000000            -0.00100000000000000002            -0.00100000000000000002             2.48410173055266314535           722.00000000000000000000
             4.00000000000000000000            -0.00100000000000000002            -0.00100000000000000002             2.48010173055266314179           726.00000000000000000000
             4.00000000000000000000            -0.00100000000000000002            -0.00100000000000000002             2.47610173055266313824           730.00000000000000000000
             4.00000000000000000000            -0.00100000000000000002            -0.00100000000000000002             2.47210173055266313469           734.00000000000000000000
             4.00000000000000000000            -0.00100000000000000002            -0.00100000000000000002             2.46810173055266313114           738.00000000000000000000
             4.00000000000000000000            -0.00100000000000000002            -0.00100000000000000002             2.46410173055266312758           742.00000000000000000000
             4.00000000000000000000            -0.00100000000000000002            -0.00100000000000000002             2.46010173055266312403           746.00000000000000000000
             4.00000000000000000000            -0.00100000000000000002            -0.00100000000000000002             2.45610173055266312048           750.00000000000000000000
             4.00000000000000000000            -0.00100000000000000002            -0.00100000000000000002             2.45210173055266311692           754.00000000000000000000
             4.00000000000000000000            -0.00100000000000000002            -0.00100000000000000002             2.44810173055266311337           758.00000000000000000000
             4.00000000000000000000            -0.00100000000000000002            -0.00100000000000000002             2.44410173055266310982           762.00000000000000000000
             4.00000000000000000000            -0.00100000000000000002            -0.00100000000000000002             2.44010173055266310627           766.00000000000000000000
             4.00000000000000000000            -0.00100000000000000002            -0.00100000000000000002             2.43610173055266310271           770.00000000000000000000
             4.00000000000000000000            -0.00100000000000000002            -0.00100000000000000002             2.43210173055266309916           774.00000000000000000000
             4.00000000000000000000            -0.00100000000000000002            -0.00100000000000000002             2.42810173055266309561           778.00000000000000000000
             4.00000000000000000000            -0.00100000000000000002            -0.00100000000000000002             2.42410173055266309206           782.00000000000000000000
             4.00000000000000000000            -0.00100000000000000002            -0.00100000000000000002             2.42010173055266308850           786.00000000000000000000
             4.00000000000000000000            -0.00100000000000000002            -0.00100000000000000002             2.41610173055266308495           790.00000000000000000000
             4.00000000000000000000            -0.00100000000000000002            -0.00100000000000000002             2.41210173055266308140           794.00000000000000000000
             4.00000000000000000000            -0.00100000000000000002            -0.00100000000000000002             2.40810173055266307784           798.00000000000000000000
             0.00000000000000000000
