                    500                      3                      3                     15
                      3                      3                      5                      3                      5
          11          -1          -1           2           1           1           0         200          -1          -1          13          -1          -1           3             0.00000000000000000000             1.00000000000000000000             4.03050865276332093146             8.00000000000000000000             4.00000000000000000000             0.00000000000000000000
             4.03050865276332093146            -0.00100000000000000002            -0.00100000000000000002             3.21018820677894689553             2.01525432638166046573
             4.03050865276332093146            -0.00100000000000000002            -0.00100000000000000002             3.20615769812618367496             6.04576297914498184127
             4.03050865276332093146            -0.00100000000000000002            -0.00100000000000000002             3.20212718947342045439            10.07627163190830188455
             4.03050865276332093146            -0.00100000000000000002            -0.00100000000000000002             3.19809668082065723382            14.10678028467162192783
             4.03050865276332093146            -0.00100000000000000002            -0.00100000000000000002             3.19406617216789401326            18.13728893743494197111
             4.03050865276332093146            -0.00100000000000000002            -0.00100000000000000002             3.19003566351513079269            22.16779759019826201438
             4.03050865276332093146            -0.00100000000000000002            -0.00100000000000000002             3.18600515486236757212            26.19830624296158205766
             4.03050865276332093146            -0.00100000000000000002            -0.00100000000000000002             3.18197464620960435155            30.22881489572490210094
             4.03050865276332093146            -0.00100000000000000002            -0.00100000000000000002             3.17794413755684113099            34.25932354848822569693
             4.03050865276332093146            -0.00100000000000000002            -0.00100000000000000002             3.17391362890407791042            38.28983220125154929292
             4.03050865276332093146            -0.00100000000000000002            -0.00100000000000000002             3.16988312025131468985            42.32034085401487288891
             4.03050865276332093146            -0.00100000000000000002            -0.00100000000000000002             3.16585261159855146929            46.35084950677819648490
             4.03050865276332093146            -0.00100000000000000002            -0.00100000000000000002             3.16182210294578824872            50.38135815954152008089
             4.03050865276332093146            -0.00100000000000000002            -0.00100000000000000002             3.15779159429302502815            54.41186681230484367688
             4.03050865276332093146            -0.00100000000000000002            -0.00100000000000000002             3.15376108564026180758            58.44237546506816727288
             4.03050865276332093146            -0.00100000000000000002            -0.00100000000000000002             3.14973057698749858702            62.47288411783149086887
             4.03050865276332093146            -0.00100000000000000002            -0.00100000000000000002             3.14570006833473536645            66.50339277059481446486
             4.03050865276332093146            -0.00100000000000000002            -0.00100000000000000002             3.14166955968197214588            70.53390142335813095542
             4.03050865276332093146            -0.00100000000000000002            -0.00100000000000000002             3.13763905102920892531            74.56441007612144744598
             4.03050865276332093146            -0.00100000000000000002            -0.00100000000000000002             3.13360854237644570475            78.59491872888476393655
             4.03050865276332093146            -0.00100000000000000002            -0.00100000000000000002             3.12957803372368248418            82.62542738164808042711
             4.03050865276332093146            -0.00100000000000000002            -0.00100000000000000002             3.12554752507091926361            86.65593603441139691768
             4.03050865276332093146            -0.00100000000000000002            -0.00100000000000000002             3.12151701641815604304            90.68644468717471340824
             4.03050865276332093146            -0.00100000000000000002            -0.00100000000000000002             3.11748650776539282248            94.71695333993802989880
             4.03050865276332093146            -0.00100000000000000002            -0.00100000000000000002             3.11345599911262960191            98.74746199270134638937
             4.03050865276332093146            -0.00100000000000000002            -0.00100000000000000002             3.10942549045986638134           102.77797064546466287993
             4.03050865276332093146            -0.00100000000000000002            -0.00100000000000000002             3.10539498180710316078           106.80847929822797937049
             4.03050865276332093146            -0.00100000000000000002            -0.00100000000000000002             3.10136447315433994021           110.83898795099129586106
             4.03050865276332093146            -0.00100000000000000002            -0.00100000000000000002             3.09733396450157671964           114.86949660375461235162
             4.03050865276332093146            -0.00100000000000000002            -0.00100000000000000002             3.09330345584881349907           118.90000525651792884219
             4.03050865276332093146            -0.00100000000000000002            -0.00100000000000000002             3.08927294719605027851           122.93051390928124533275
             4.03050865276332093146            -0.00100000000000000002            -0.00100000000000000002             3.08524243854328705794           126.96102256204456182331
             4.03050865276332093146            -0.00100000000000000002            -0.00100000000000000002             3.08121192989052383737           130.99153121480787831388
             4.03050865276332093146            -0.00100000000000000002            -0.00100000000000000002             3.07718142123776061680           135.02203986757120901530
             4.03050865276332093146            -0.00100000000000000002            -0.00100000000000000002             3.07315091258499739624           139.05254852033453971671
             4.03050865276332093146            -0.00100000000000000002            -0.00100000000000000002             3.06912040393223417567           143.08305717309787041813
             4.03050865276332093146            -0.00100000000000000002            -0.00100000000000000002             3.06508989527947095510           147.11356582586120111955
             4.03050865276332093146            -0.00100000000000000002            -0.00100000000000000002             3.06105938662670773454           151.14407447862453182097
             4.03050865276332093146            -0.00100000000000000002            -0.00100000000000000002             3.05702887797394451397           155.17458313138786252239
             4.03050865276332093146            -0.00100000000000000002            -0.00100000000000000002             3.05299836932118129340           159.20509178415119322381
             4.03050865276332093146            -0.00100000000000000002            -0.00100000000000000002             3.04896786066841807283           163.23560043691452392522
             4.03050865276332093146            -0.00100000000000000002            -0.00100000000000000002             3.04493735201565485227           167.26610908967785462664
             4.03050865276332093146            -0.00100000000000000002            -0.00100000000000000002             3.04090684336289163170           171.29661774244118532806
             4.03050865276332093146            -0.00100000000000000002            -0.00100000000000000002             3.03687633471012841113           175.32712639520451602948
             4.03050865276332093146            -0.00100000000000000002            -0.00100000000000000002             3.03284582605736519056           179.35763504796784673090
             4.03050865276332093146            -0.00100000000000000002            -0.00100000000000000002             3.02881531740460197000           183.38814370073117743232
             4.03050865276332093146            -0.00100000000000000002            -0.00100000000000000002             3.02478480875183874943           187.41865235349450813374
             4.03050865276332093146            -0.00100000000000000002            -0.00100000000000000002             3.02075430009907552886           191.44916100625783883515
             4.03050865276332093146            -0.00100000000000000002            -0.00100000000000000002             3.01672379144631230830           195.47966965902116953657
             4.03050865276332093146            -0.00100000000000000002            -0.00100000000000000002             3.01269328279354908773           199.51017831178450023799
             4.03050865276332093146            -0.00100000000000000002            -0.00100000000000000002             3.00866277414078586716           203.54068696454783093941
             4.03050865276332093146            -0.00100000000000000002            -0.00100000000000000002             3.00463226548802264659           207.57119561731116164083
             4.03050865276332093146            -0.00100000000000000002            -0.00100000000000000002             3.00060175683525942603           211.60170427007449234225
             4.03050865276332093146            -0.00100000000000000002            -0.00100000000000000002             2.99657124818249620546           215.63221292283782304366
             4.03050865276332093146            -0.00100000000000000002            -0.00100000000000000002             2.99254073952973298489           219.66272157560115374508
             4.03050865276332093146            -0.00100000000000000002            -0.00100000000000000002             2.98851023087696976432           223.69323022836448444650
             4.03050865276332093146            -0.00100000000000000002            -0.00100000000000000002             2.98447972222420654376           227.72373888112781514792
             4.03050865276332093146            -0.00100000000000000002            -0.00100000000000000002             2.98044921357144332319           231.75424753389114584934
             4.03050865276332093146            -0.00100000000000000002            -0.00100000000000000002             2.97641870491868010262           235.78475618665447655076
             4.03050865276332093146            -0.00100000000000000002            -0.00100000000000000002             2.97238819626591688206           239.81526483941780725218
             4.03050865276332093146            -0.00100000000000000002            -0.00100000000000000002             2.96835768761315366149           243.84577349218113795359
             4.03050865276332093146            -0.00100000000000000002            -0.00100000000000000002             2.96432717896039044092           247.87628214494446865501
             4.03050865276332093146            -0.00100000000000000002            -0.00100000000000000002             2.96029667030762722035           251.90679079770779935643
             4.03050865276332093146            -0.00100000000000000002            -0.00100000000000000002             2.95626616165486399979           255.93729945047113005785
             4.03050865276332093146            -0.00100000000000000002            -0.00100000000000000002             2.95223565300210077922           259.96780810323446075927
             4.03050865276332093146            -0.00100000000000000002            -0.00100000000000000002             2.94820514434933755865           263.99831675599779146069
             4.03050865276332093146            -0.00100000000000000002            -0.00100000000000000002             2.94417463569657433808           268.02882540876112216210
             4.03050865276332093146            -0.00100000000000000002            -0.00100000000000000002             2.94014412704381111752           272.05933406152445286352
             4.03050865276332093146            -0.00100000000000000002            -0.00100000000000000002             2.93611361839104789695           276.08984271428778356494
             4.03050865276332093146            -0.00100000000000000002            -0.00100000000000000002             2.93208310973828467638           280.12035136705111426636
             4.03050865276332093146            -0.00100000000000000002            -0.00100000000000000002             2.92805260108552145581           284.15086001981444496778
             4.03050865276332093146            -0.00100000000000000002            -0.00100000000000000002             2.92402209243275823525           288.18136867257777566920
             4.03050865276332093146            -0.00100000000000000002            -0.00100000000000000002             2.91999158377999501468           292.21187732534110637062
             4.03050865276332093146            -0.00100000000000000002            -0.00100000000000000002             2.91596107512723179411           296.24238597810443707203
             4.03050865276332093146            -0.00100000000000000002            -0.00100000000000000002             2.91193056647446857355           300.27289463086776777345
             4.03050865276332093146            -0.00100000000000000002            -0.00100000000000000002             2.90790005782170535298           304.30340328363109847487
             4.03050865276332093146            -0.00100000000000000002            -0.00100000000000000002             2.90386954916894213241           308.33391193639442917629
             4.03050865276332093146            -0.00100000000000000002            -0.00100000000000000002             2.89983904051617891184           312.36442058915775987771
             4.03050865276332093146            -0.00100000000000000002            -0.00100000000000000002             2.89580853186341569128           316.39492924192109057913
             4.03050865276332093146            -0.00100000000000000002            -0.00100000000000000002             2.89177802321065247071           320.42543789468442128054
             4.03050865276332093146            -0.00100000000000000002            -0.00100000000000000002             2.88774751455788925014           324.45594654744775198196
             4.03050865276332093146            -0.00100000000000000002            -0.00100000000000000002             2.88371700590512602957           328.48645520021108268338
             4.03050865276332093146            -0.00100000000000000002            -0.00100000000000000002             2.87968649725236280901           332.51696385297441338480
             4.03050865276332093146            -0.00100000000000000002            -0.00100000000000000002             2.87565598859959958844           336.54747250573774408622
             4.03050865276332093146            -0.00100000000000000002            -0.00100000000000000002             2.87162547994683636787           340.57798115850107478764
             4.03050865276332093146            -0.00100000000000000002            -0.00100000000000000002             2.86759497129407314731           344.60848981126440548906
             4.03050865276332093146            -0.00100000000000000002            -0.00100000000000000002             2.86356446264130992674           348.63899846402773619047
             4.03050865276332093146            -0.00100000000000000002            -0.00100000000000000002             2.85953395398854670617           352.66950711679106689189
             4.03050865276332093146            -0.00100000000000000002            -0.00100000000000000002             2.85550344533578348560           356.70001576955439759331
             4.03050865276332093146            -0.00100000000000000002            -0.00100000000000000002             2.85147293668302026504           360.73052442231772829473
             4.03050865276332093146            -0.00100000000000000002            -0.00100000000000000002             2.84744242803025704447           364.76103307508105899615
             4.03050865276332093146            -0.00100000000000000002            -0.00100000000000000002             2.84341191937749382390           368.79154172784438969757
             4.03050865276332093146            -0.00100000000000000002            -0.00100000000000000002             2.83938141072473060333           372.82205038060772039898
             4.03050865276332093146            -0.00100000000000000002            -0.00100000000000000002             2.83535090207196738277           376.85255903337105110040
             4.03050865276332093146            -0.00100000000000000002            -0.00100000000000000002             2.83132039341920416220           380.88306768613438180182
             4.03050865276332093146            -0.00100000000000000002            -0.00100000000000000002             2.82728988476644094163           384.91357633889771250324
             4.03050865276332093146            -0.00100000000000000002            -0.00100000000000000002             2.82325937611367772107           388.94408499166104320466
             4.03050865276332093146            -0.00100000000000000002            -0.00100000000000000002             2.81922886746091450050           392.97459364442437390608
             4.03050865276332093146            -0.00100000000000000002            -0.00100000000000000002             2.81519835880815127993           397.00510229718770460750
             4.03050865276332093146            -0.00100000000000000002            -0.00100000000000000002             2.81116785015538805936           401.03561094995103530891
             4.03050865276332093146            -0.00100000000000000002            -0.00100000000000000002             2.80713734150262483880           405.06611960271436601033
             4.03050865276332093146            -0.00100000000000000002            -0.00100000000000000002             2.80310683284986161823           409.09662825547769671175
             4.03050865276332093146            -0.00100000000000000002            -0.00100000000000000002             2.79907632419709839766           413.12713690824102741317
             4.03050865276332093146            -0.00100000000000000002            -0.00100000000000000002             2.79504581554433517709           417.15764556100435811459
             4.03050865276332093146            -0.00100000000000000002            -0.00100000000000000002             2.79101530689157195653           421.18815421376768881601
             4.03050865276332093146            -0.00100000000000000002            -0.00100000000000000002             2.78698479823880873596           425.21866286653101951742
             4.03050865276332093146            -0.00100000000000000002            -0.00100000000000000002             2.78295428958604551539           429.24917151929435021884
             4.03050865276332093146            -0.00100000000000000002            -0.00100000000000000002             2.77892378093328229482           433.27968017205768092026
             4.03050865276332093146            -0.00100000000000000002            -0.00100000000000000002             2.77489327228051907426           437.31018882482101162168
             4.03050865276332093146            -0.00100000000000000002            -0.00100000000000000002             2.77086276362775585369           441.34069747758434232310
             4.03050865276332093146            -0.00100000000000000002            -0.00100000000000000002             2.76683225497499263312           445.37120613034767302452
             4.03050865276332093146            -0.00100000000000000002            -0.00100000000000000002             2.76280174632222941256           449.40171478311100372594
             4.03050865276332093146            -0.00100000000000000002            -0.00100000000000000002             2.75877123766946619199           453.43222343587433442735
             4.03050865276332093146            -0.00100000000000000002            -0.00100000000000000002             2.75474072901670297142           457.46273208863766512877
             4.03050865276332093146            -0.00100000000000000002            -0.00100000000000000002             2.75071022036393975085           461.49324074140099583019
             4.03050865276332093146            -0.00100000000000000002            -0.00100000000000000002             2.74667971171117653029           465.52374939416432653161
             4.03050865276332093146            -0.00100000000000000002            -0.00100000000000000002             2.74264920305841330972           469.55425804692765723303
             4.03050865276332093146            -0.00100000000000000002            -0.00100000000000000002             2.73861869440565008915           473.58476669969098793445
             4.03050865276332093146            -0.00100000000000000002            -0.00100000000000000002             2.73458818575288686858           477.61527535245431863586
             4.03050865276332093146            -0.00100000000000000002            -0.00100000000000000002             2.73055767710012364802           481.64578400521764933728
             4.03050865276332093146            -0.00100000000000000002            -0.00100000000000000002             2.72652716844736042745           485.67629265798098003870
             4.03050865276332093146            -0.00100000000000000002            -0.00100000000000000002             2.72249665979459720688           489.70680131074431074012
             4.03050865276332093146            -0.00100000000000000002            -0.00100000000000000002             2.71846615114183398632           493.73730996350764144154
             4.03050865276332093146            -0.00100000000000000002            -0.00100000000000000002             2.71443564248907076575           497.76781861627097214296
             4.03050865276332093146            -0.00100000000000000002            -0.00100000000000000002             2.71040513383630754518           501.79832726903430284437
             4.03050865276332093146            -0.00100000000000000002            -0.00100000000000000002             2.70637462518354432461           505.82883592179763354579
             4.03050865276332093146            -0.00100000000000000002            -0.00100000000000000002             2.70234411653078110405           509.85934457456096424721
             4.03050865276332093146            -0.00100000000000000002            -0.00100000000000000002             2.69831360787801788348           513.88985322732423810521
             4.03050865276332093146            -0.00100000000000000002            -0.00100000000000000002             2.69428309922525466291           517.92036188008751196321
             4.03050865276332093146            -0.00100000000000000002            -0.00100000000000000002             2.69025259057249144234           521.95087053285078582121
             4.03050865276332093146            -0.00100000000000000002            -0.00100000000000000002             2.68622208191972822178           525.98137918561405967921
             4.03050865276332093146            -0.00100000000000000002            -0.00100000000000000002             2.68219157326696500121           530.01188783837733353721
             4.03050865276332093146            -0.00100000000000000002            -0.00100000000000000002             2.67816106461420178064           534.04239649114060739521
             4.03050865276332093146            -0.00100000000000000002            -0.00100000000000000002             2.67413055596143856008           538.07290514390388125321
             4.03050865276332093146            -0.00100000000000000002            -0.00100000000000000002             2.67010004730867533951           542.10341379666715511121
             4.03050865276332093146            -0.00100000000000000002            -0.00100000000000000002             2.66606953865591211894           546.13392244943042896921
             4.03050865276332093146            -0.00100000000000000002            -0.00100000000000000002             2.66203903000314889837           550.16443110219370282721
             4.03050865276332093146            -0.00100000000000000002            -0.00100000000000000002             2.65800852135038567781           554.19493975495697668521
             4.03050865276332093146            -0.00100000000000000002            -0.00100000000000000002             2.65397801269762245724           558.22544840772025054321
             4.03050865276332093146            -0.00100000000000000002            -0.00100000000000000002             2.64994750404485923667           562.25595706048352440121
             4.03050865276332093146            -0.00100000000000000002            -0.00100000000000000002             2.64591699539209601610           566.28646571324679825921
             4.03050865276332093146            -0.00100000000000000002            -0.00100000000000000002             2.64188648673933279554           570.31697436601007211721
             4.03050865276332093146            -0.00100000000000000002            -0.00100000000000000002             2.63785597808656957497           574.34748301877334597521
             4.03050865276332093146            -0.00100000000000000002            -0.00100000000000000002             2.63382546943380635440           578.37799167153661983320
             4.03050865276332093146            -0.00100000000000000002            -0.00100000000000000002             2.62979496078104313384           582.40850032429989369120
             4.03050865276332093146            -0.00100000000000000002            -0.00100000000000000002             2.62576445212827991327           586.43900897706316754920
             4.03050865276332093146            -0.00100000000000000002            -0.00100000000000000002             2.62173394347551669270           590.46951762982644140720
             4.03050865276332093146            -0.00100000000000000002            -0.00100000000000000002             2.61770343482275347213           594.50002628258971526520
             4.03050865276332093146            -0.00100000000000000002            -0.00100000000000000002             2.61367292616999025157           598.53053493535298912320
             4.03050865276332093146            -0.00100000000000000002            -0.00100000000000000002             2.60964241751722703100           602.56104358811626298120
             4.03050865276332093146            -0.00100000000000000002            -0.00100000000000000002             2.60561190886446381043           606.59155224087953683920
             4.03050865276332093146            -0.00100000000000000002            -0.00100000000000000002             2.60158140021170058986           610.62206089364281069720
             4.03050865276332093146            -0.00100000000000000002            -0.00100000000000000002             2.59755089155893736930           614.65256954640608455520
             4.03050865276332093146            -0.00100000000000000002            -0.00100000000000000002             2.59352038290617414873           618.68307819916935841320
             4.03050865276332093146            -0.00100000000000000002            -0.00100000000000000002             2.58948987425341092816           622.71358685193263227120
             4.03050865276332093146            -0.00100000000000000002            -0.00100000000000000002             2.58545936560064770759           626.74409550469590612920
             4.03050865276332093146            -0.00100000000000000002            -0.00100000000000000002             2.58142885694788448703           630.77460415745917998720
             4.03050865276332093146            -0.00100000000000000002            -0.00100000000000000002             2.57739834829512126646           634.80511281022245384520
             4.03050865276332093146            -0.00100000000000000002            -0.00100000000000000002             2.57336783964235804589           638.83562146298572770320
             4.03050865276332093146            -0.00100000000000000002            -0.00100000000000000002             2.56933733098959482533           642.86613011574900156120
             4.03050865276332093146            -0.00100000000000000002            -0.00100000000000000002             2.56530682233683160476           646.89663876851227541920
             4.03050865276332093146            -0.00100000000000000002            -0.00100000000000000002             2.56127631368406838419           650.92714742127554927720
             4.03050865276332093146            -0.00100000000000000002            -0.00100000000000000002             2.55724580503130516362           654.95765607403882313520
             4.03050865276332093146            -0.00100000000000000002            -0.00100000000000000002             2.55321529637854194306           658.98816472680209699320
             4.03050865276332093146            -0.00100000000000000002            -0.00100000000000000002             2.54918478772577872249           663.01867337956537085120
             4.03050865276332093146            -0.00100000000000000002            -0.00100000000000000002             2.54515427907301550192           667.04918203232864470920
             4.03050865276332093146            -0.00100000000000000002            -0.00100000000000000002             2.54112377042025228135           671.07969068509191856720
             4.03050865276332093146            -0.00100000000000000002            -0.00100000000000000002             2.53709326176748906079           675.11019933785519242520
             4.03050865276332093146            -0.00100000000000000002            -0.00100000000000000002             2.53306275311472584022           679.14070799061846628319
             4.03050865276332093146            -0.00100000000000000002            -0.00100000000000000002             2.52903224446196261965           683.17121664338174014119
             4.03050865276332093146            -0.00100000000000000002            -0.00100000000000000002             2.52500173580919939909           687.20172529614501399919
             4.03050865276332093146            -0.00100000000000000002            -0.00100000000000000002             2.52097122715643617852           691.23223394890828785719
             4.03050865276332093146            -0.00100000000000000002            -0.00100000000000000002             2.51694071850367295795           695.26274260167156171519
             4.03050865276332093146            -0.00100000000000000002            -0.00100000000000000002             2.51291020985090973738           699.29325125443483557319
             4.03050865276332093146            -0.00100000000000000002            -0.00100000000000000002             2.50887970119814651682           703.32375990719810943119
             4.03050865276332093146            -0.00100000000000000002            -0.00100000000000000002             2.50484919254538329625           707.35426855996138328919
             4.03050865276332093146            -0.00100000000000000002            -0.00100000000000000002             2.50081868389262007568           711.38477721272465714719
             4.03050865276332093146            -0.00100000000000000002            -0.00100000000000000002             2.49678817523985685511           715.41528586548793100519
             4.03050865276332093146            -0.00100000000000000002            -0.00100000000000000002             2.49275766658709363455           719.44579451825120486319
             4.03050865276332093146            -0.00100000000000000002            -0.00100000000000000002             2.48872715793433041398           723.47630317101447872119
             4.03050865276332093146            -0.00100000000000000002            -0.00100000000000000002             2.48469664928156719341           727.50681182377775257919
             4.03050865276332093146            -0.00100000000000000002            -0.00100000000000000002             2.48066614062880397285           731.53732047654102643719
             4.03050865276332093146            -0.00100000000000000002            -0.00100000000000000002             2.47663563197604075228           735.56782912930430029519
             4.03050865276332093146            -0.00100000000000000002            -0.00100000000000000002             2.47260512332327753171           739.59833778206757415319
             4.03050865276332093146            -0.00100000000000000002            -0.00100000000000000002             2.46857461467051431114           743.62884643483084801119
             4.03050865276332093146            -0.00100000000000000002            -0.00100000000000000002             2.46454410601775109058           747.65935508759412186919
             4.03050865276332093146            -0.00100000000000000002            -0.00100000000000000002             2.46051359736498787001           751.68986374035739572719
             4.03050865276332093146            -0.00100000000000000002            -0.00100000000000000002             2.45648308871222464944           755.72037239312066958519
             4.03050865276332093146            -0.00100000000000000002            -0.00100000000000000002             2.45245258005946142887           759.75088104588394344319
             4.03050865276332093146            -0.00100000000000000002            -0.00100000000000000002             2.44842207140669820831           763.78138969864721730119
             4.03050865276332093146            -0.00100000000000000002            -0.00100000000000000002             2.44439156275393498774           767.81189835141049115919
             4.03050865276332093146            -0.00100000000000000002            -0.00100000000000000002             2.44036105410117176717           771.84240700417376501719
             4.03050865276332093146            -0.00100000000000000002            -0.00100000000000000002             2.43633054544840854660           775.87291565693703887518
             4.03050865276332093146            -0.00100000000000000002            -0.00100000000000000002             2.43230003679564532604           779.90342430970031273318
             4.03050865276332093146            -0.00100000000000000002            -0.00100000000000000002             2.42826952814288210547           783.93393296246358659118
             4.03050865276332093146            -0.00100000000000000002            -0.00100000000000000002             2.42423901949011888490           787.96444161522686044918
             4.03050865276332093146            -0.00100000000000000002            -0.00100000000000000002             2.42020851083735566434           791.99495026799013430718
             4.03050865276332093146            -0.00100000000000000002            -0.00100000000000000002             2.41617800218459244377           796.02545892075340816518
             4.03050865276332093146            -0.00100000000000000002            -0.00100000000000000002             2.41214749353182922320           800.05596757351668202318
             4.03050865276332093146            -0.00100000000000000002            -0.00100000000000000002             2.40811698487906600263           804.08647622627995588118
             0.00000000000000000000
          12          -1          -1           3           1           1           0         200          -1          -1          13          -1          -1           3             0.00000000000000000000             1.00000000000000000000             4.03050865276332093146             8.00000000000000000000             4.00000000000000000000             0.00000000000000000000
             4.03050865276332093146            -0.00100000000000000002            -0.00100000000000000002             3.21018820677894689553             2.01525432638166046573
             4.03050865276332093146            -0.00100000000000000002            -0.00100000000000000002             3.20615769812618367496             6.04576297914498184127
             4.03050865276332093146            -0.00100000000000000002            -0.00100000000000000002             3.20212718947342045439            10.07627163190830188455
             4.03050865276332093146            -0.00100000000000000002            -0.00100000000000000002             3.19809668082065723382            14.10678028467162192783
             4.03050865276332093146            -0.00100000000000000002            -0.00100000000000000002             3.19406617216789401326            18.13728893743494197111
             4.03050865276332093146            -0.00100000000000000002            -0.00100000000000000002             3.19003566351513079269            22.16779759019826201438
             4.03050865276332093146            -0.00100000000000000002            -0.00100000000000000002             3.18600515486236757212            26.19830624296158205766
             4.03050865276332093146            -0.00100000000000000002            -0.00100000000000000002             3.18197464620960435155            30.22881489572490210094
             4.03050865276332093146            -0.00100000000000000002            -0.00100000000000000002             3.17794413755684113099            34.25932354848822569693
             4.03050865276332093146            -0.00100000000000000002            -0.00100000000000000002             3.17391362890407791042            38.28983220125154929292
             4.03050865276332093146            -0.00100000000000000002            -0.00100000000000000002             3.16988312025131468985            42.32034085401487288891
             4.03050865276332093146            -0.00100000000000000002            -0.00100000000000000002             3.16585261159855146929            46.35084950677819648490
             4.03050865276332093146            -0.00100000000000000002            -0.00100000000000000002             3.16182210294578824872            50.38135815954152008089
             4.03050865276332093146            -0.00100000000000000002            -0.00100000000000000002             3.15779159429302502815            54.41186681230484367688
             4.03050865276332093146            -0.00100000000000000002            -0.00100000000000000002             3.15376108564026180758            58.44237546506816727288
             4.03050865276332093146            -0.00100000000000000002            -0.00100000000000000002             3.14973057698749858702            62.47288411783149086887
             4.03050865276332093146            -0.00100000000000000002            -0.00100000000000000002             3.14570006833473536645            66.50339277059481446486
             4.03050865276332093146            -0.00100000000000000002            -0.00100000000000000002             3.14166955968197214588            70.53390142335813095542
             4.03050865276332093146            -0.00100000000000000002            -0.00100000000000000002             3.13763905102920892531            74.56441007612144744598
             4.03050865276332093146            -0.00100000000000000002            -0.00100000000000000002             3.13360854237644570475            78.59491872888476393655
             4.03050865276332093146            -0.00100000000000000002            -0.00100000000000000002             3.12957803372368248418            82.62542738164808042711
             4.03050865276332093146            -0.00100000000000000002            -0.00100000000000000002             3.12554752507091926361            86.65593603441139691768
             4.03050865276332093146            -0.00100000000000000002            -0.00100000000000000002             3.12151701641815604304            90.68644468717471340824
             4.03050865276332093146            -0.00100000000000000002            -0.00100000000000000002             3.11748650776539282248            94.71695333993802989880
             4.03050865276332093146            -0.00100000000000000002            -0.00100000000000000002             3.11345599911262960191            98.74746199270134638937
             4.03050865276332093146            -0.00100000000000000002            -0.00100000000000000002             3.10942549045986638134           102.77797064546466287993
             4.03050865276332093146            -0.00100000000000000002            -0.00100000000000000002             3.10539498180710316078           106.80847929822797937049
             4.03050865276332093146            -0.00100000000000000002            -0.00100000000000000002             3.10136447315433994021           110.83898795099129586106
             4.03050865276332093146            -0.00100000000000000002            -0.00100000000000000002             3.09733396450157671964           114.86949660375461235162
             4.03050865276332093146            -0.00100000000000000002            -0.00100000000000000002             3.09330345584881349907           118.90000525651792884219
             4.03050865276332093146            -0.00100000000000000002            -0.00100000000000000002             3.08927294719605027851           122.93051390928124533275
             4.03050865276332093146            -0.00100000000000000002            -0.00100000000000000002             3.08524243854328705794           126.96102256204456182331
             4.03050865276332093146            -0.00100000000000000002            -0.00100000000000000002             3.08121192989052383737           130.99153121480787831388
             4.03050865276332093146            -0.00100000000000000002            -0.00100000000000000002             3.07718142123776061680           135.02203986757120901530
             4.03050865276332093146            -0.00100000000000000002            -0.00100000000000000002             3.07315091258499739624           139.05254852033453971671
             4.03050865276332093146            -0.00100000000000000002            -0.00100000000000000002             3.06912040393223417567           143.08305717309787041813
             4.03050865276332093146            -0.00100000000000000002            -0.00100000000000000002             3.06508989527947095510           147.11356582586120111955
             4.03050865276332093146            -0.00100000000000000002            -0.00100000000000000002             3.06105938662670773454           151.14407447862453182097
             4.03050865276332093146            -0.00100000000000000002            -0.00100000000000000002             3.05702887797394451397           155.17458313138786252239
             4.03050865276332093146            -0.00100000000000000002            -0.00100000000000000002             3.05299836932118129340           159.20509178415119322381
             4.03050865276332093146            -0.00100000000000000002            -0.00100000000000000002             3.04896786066841807283           163.23560043691452392522
             4.03050865276332093146            -0.00100000000000000002            -0.00100000000000000002             3.04493735201565485227           167.26610908967785462664
             4.03050865276332093146            -0.00100000000000000002            -0.00100000000000000002             3.04090684336289163170           171.29661774244118532806
             4.03050865276332093146            -0.00100000000000000002            -0.00100000000000000002             3.03687633471012841113           175.32712639520451602948
             4.03050865276332093146            -0.00100000000000000002            -0.00100000000000000002             3.03284582605736519056           179.35763504796784673090
             4.03050865276332093146            -0.00100000000000000002            -0.00100000000000000002             3.02881531740460197000           183.38814370073117743232
             4.03050865276332093146            -0.00100000000000000002            -0.00100000000000000002             3.02478480875183874943           187.41865235349450813374
             4.03050865276332093146            -0.00100000000000000002            -0.00100000000000000002             3.02075430009907552886           191.44916100625783883515
             4.03050865276332093146            -0.00100000000000000002            -0.00100000000000000002             3.01672379144631230830           195.47966965902116953657
             4.03050865276332093146            -0.00100000000000000002            -0.00100000000000000002             3.01269328279354908773           199.51017831178450023799
             4.03050865276332093146            -0.00100000000000000002            -0.00100000000000000002             3.00866277414078586716           203.54068696454783093941
             4.03050865276332093146            -0.00100000000000000002            -0.00100000000000000002             3.00463226548802264659           207.57119561731116164083
             4.03050865276332093146            -0.00100000000000000002            -0.00100000000000000002             3.00060175683525942603           211.60170427007449234225
             4.03050865276332093146            -0.00100000000000000002            -0.00100000000000000002             2.99657124818249620546           215.63221292283782304366
             4.03050865276332093146            -0.00100000000000000002            -0.00100000000000000002             2.99254073952973298489           219.66272157560115374508
             4.03050865276332093146            -0.00100000000000000002            -0.00100000000000000002             2.98851023087696976432           223.69323022836448444650
             4.03050865276332093146            -0.00100000000000000002            -0.00100000000000000002             2.98447972222420654376           227.72373888112781514792
             4.03050865276332093146            -0.00100000000000000002            -0.00100000000000000002             2.98044921357144332319           231.75424753389114584934
             4.03050865276332093146            -0.00100000000000000002            -0.00100000000000000002             2.97641870491868010262           235.78475618665447655076
             4.03050865276332093146            -0.00100000000000000002            -0.00100000000000000002             2.97238819626591688206           239.81526483941780725218
             4.03050865276332093146            -0.00100000000000000002            -0.00100000000000000002             2.96835768761315366149           243.84577349218113795359
             4.03050865276332093146            -0.00100000000000000002            -0.00100000000000000002             2.96432717896039044092           247.87628214494446865501
             4.03050865276332093146            -0.00100000000000000002            -0.00100000000000000002             2.96029667030762722035           251.90679079770779935643
             4.03050865276332093146            -0.00100000000000000002            -0.00100000000000000002             2.95626616165486399979           255.93729945047113005785
             4.03050865276332093146            -0.00100000000000000002            -0.00100000000000000002             2.95223565300210077922           259.96780810323446075927
             4.03050865276332093146            -0.00100000000000000002            -0.00100000000000000002             2.94820514434933755865           263.99831675599779146069
             4.03050865276332093146            -0.00100000000000000002            -0.00100000000000000002             2.94417463569657433808           268.02882540876112216210
             4.03050865276332093146            -0.00100000000000000002            -0.00100000000000000002             2.94014412704381111752           272.05933406152445286352
             4.03050865276332093146            -0.00100000000000000002            -0.00100000000000000002             2.93611361839104789695           276.08984271428778356494
             4.03050865276332093146            -0.00100000000000000002            -0.00100000000000000002             2.93208310973828467638           280.12035136705111426636
             4.03050865276332093146            -0.00100000000000000002            -0.00100000000000000002             2.92805260108552145581           284.15086001981444496778
             4.03050865276332093146            -0.00100000000000000002            -0.00100000000000000002             2.92402209243275823525           288.18136867257777566920
             4.03050865276332093146            -0.00100000000000000002            -0.00100000000000000002             2.91999158377999501468           292.21187732534110637062
             4.03050865276332093146            -0.00100000000000000002            -0.00100000000000000002             2.91596107512723179411           296.24238597810443707203
             4.03050865276332093146            -0.00100000000000000002            -0.00100000000000000002             2.91193056647446857355           300.27289463086776777345
             4.03050865276332093146            -0.00100000000000000002            -0.00100000000000000002             2.90790005782170535298           304.30340328363109847487
             4.03050865276332093146            -0.00100000000000000002            -0.00100000000000000002             2.90386954916894213241           308.33391193639442917629
             4.03050865276332093146            -0.00100000000000000002            -0.00100000000000000002             2.89983904051617891184           312.36442058915775987771
             4.03050865276332093146            -0.00100000000000000002            -0.00100000000000000002             2.89580853186341569128           316.39492924192109057913
             4.03050865276332093146            -0.00100000000000000002            -0.00100000000000000002             2.89177802321065247071           320.42543789468442128054
             4.03050865276332093146            -0.00100000000000000002            -0.00100000000000000002             2.88774751455788925014           324.45594654744775198196
             4.03050865276332093146            -0.00100000000000000002            -0.00100000000000000002             2.88371700590512602957           328.48645520021108268338
             4.03050865276332093146            -0.00100000000000000002            -0.00100000000000000002             2.87968649725236280901           332.51696385297441338480
             4.03050865276332093146            -0.00100000000000000002            -0.00100000000000000002             2.87565598859959958844           336.54747250573774408622
             4.03050865276332093146            -0.00100000000000000002            -0.00100000000000000002             2.87162547994683636787           340.57798115850107478764
             4.03050865276332093146            -0.00100000000000000002            -0.00100000000000000002             2.86759497129407314731           344.60848981126440548906
             4.03050865276332093146            -0.00100000000000000002            -0.00100000000000000002             2.86356446264130992674           348.63899846402773619047
             4.03050865276332093146            -0.00100000000000000002            -0.00100000000000000002             2.85953395398854670617           352.66950711679106689189
             4.03050865276332093146            -0.00100000000000000002            -0.00100000000000000002             2.85550344533578348560           356.70001576955439759331
             4.03050865276332093146            -0.00100000000000000002            -0.00100000000000000002             2.85147293668302026504           360.73052442231772829473
             4.03050865276332093146            -0.00100000000000000002            -0.00100000000000000002             2.84744242803025704447           364.76103307508105899615
             4.03050865276332093146            -0.00100000000000000002            -0.00100000000000000002             2.84341191937749382390           368.79154172784438969757
             4.03050865276332093146            -0.00100000000000000002            -0.00100000000000000002             2.83938141072473060333           372.82205038060772039898
             4.03050865276332093146            -0.00100000000000000002            -0.00100000000000000002             2.83535090207196738277           376.85255903337105110040
             4.03050865276332093146            -0.00100000000000000002            -0.00100000000000000002             2.83132039341920416220           380.88306768613438180182
             4.03050865276332093146            -0.00100000000000000002            -0.00100000000000000002             2.82728988476644094163           384.91357633889771250324
             4.03050865276332093146            -0.00100000000000000002            -0.00100000000000000002             2.82325937611367772107           388.94408499166104320466
             4.03050865276332093146            -0.00100000000000000002            -0.00100000000000000002             2.81922886746091450050           392.97459364442437390608
             4.03050865276332093146            -0.00100000000000000002            -0.00100000000000000002             2.81519835880815127993           397.00510229718770460750
             4.03050865276332093146            -0.00100000000000000002            -0.00100000000000000002             2.81116785015538805936           401.03561094995103530891
             4.03050865276332093146            -0.00100000000000000002            -0.00100000000000000002             2.80713734150262483880           405.06611960271436601033
             4.03050865276332093146            -0.00100000000000000002            -0.00100000000000000002             2.80310683284986161823           409.09662825547769671175
             4.03050865276332093146            -0.00100000000000000002            -0.00100000000000000002             2.79907632419709839766           413.12713690824102741317
             4.03050865276332093146            -0.00100000000000000002            -0.00100000000000000002             2.79504581554433517709           417.15764556100435811459
             4.03050865276332093146            -0.00100000000000000002            -0.00100000000000000002             2.79101530689157195653           421.18815421376768881601
             4.03050865276332093146            -0.00100000000000000002            -0.00100000000000000002             2.78698479823880873596           425.21866286653101951742
             4.03050865276332093146            -0.00100000000000000002            -0.00100000000000000002             2.78295428958604551539           429.24917151929435021884
             4.03050865276332093146            -0.00100000000000000002            -0.00100000000000000002             2.77892378093328229482           433.27968017205768092026
             4.03050865276332093146            -0.00100000000000000002            -0.00100000000000000002             2.77489327228051907426           437.31018882482101162168
             4.03050865276332093146            -0.00100000000000000002            -0.00100000000000000002             2.77086276362775585369           441.34069747758434232310
             4.03050865276332093146            -0.00100000000000000002            -0.00100000000000000002             2.76683225497499263312           445.37120613034767302452
             4.03050865276332093146            -0.00100000000000000002            -0.00100000000000000002             2.76280174632222941256           449.40171478311100372594
             4.03050865276332093146            -0.00100000000000000002            -0.00100000000000000002             2.75877123766946619199           453.43222343587433442735
             4.03050865276332093146            -0.00100000000000000002            -0.00100000000000000002             2.75474072901670297142           457.46273208863766512877
             4.03050865276332093146            -0.00100000000000000002            -0.00100000000000000002             2.75071022036393975085           461.49324074140099583019
             4.03050865276332093146            -0.00100000000000000002            -0.00100000000000000002             2.74667971171117653029           465.52374939416432653161
             4.03050865276332093146            -0.00100000000000000002            -0.00100000000000000002             2.74264920305841330972           469.55425804692765723303
             4.03050865276332093146            -0.00100000000000000002            -0.00100000000000000002             2.73861869440565008915           473.58476669969098793445
             4.03050865276332093146            -0.00100000000000000002            -0.00100000000000000002             2.73458818575288686858           477.61527535245431863586
             4.03050865276332093146            -0.00100000000000000002            -0.00100000000000000002             2.73055767710012364802           481.64578400521764933728
             4.03050865276332093146            -0.00100000000000000002            -0.00100000000000000002             2.72652716844736042745           485.67629265798098003870
             4.03050865276332093146            -0.00100000000000000002            -0.00100000000000000002             2.72249665979459720688           489.70680131074431074012
             4.03050865276332093146            -0.00100000000000000002            -0.00100000000000000002             2.71846615114183398632           493.73730996350764144154
             4.03050865276332093146            -0.00100000000000000002            -0.00100000000000000002             2.71443564248907076575           497.76781861627097214296
             4.03050865276332093146            -0.00100000000000000002            -0.00100000000000000002             2.71040513383630754518           501.79832726903430284437
             4.03050865276332093146            -0.00100000000000000002            -0.00100000000000000002             2.70637462518354432461           505.82883592179763354579
             4.03050865276332093146            -0.00100000000000000002            -0.00100000000000000002             2.70234411653078110405           509.85934457456096424721
             4.03050865276332093146            -0.00100000000000000002            -0.00100000000000000002             2.69831360787801788348           513.88985322732423810521
             4.03050865276332093146            -0.00100000000000000002            -0.00100000000000000002             2.69428309922525466291           517.92036188008751196321
             4.03050865276332093146            -0.00100000000000000002            -0.00100000000000000002             2.69025259057249144234           521.95087053285078582121
             4.03050865276332093146            -0.00100000000000000002            -0.00100000000000000002             2.68622208191972822178           525.98137918561405967921
             4.03050865276332093146            -0.00100000000000000002            -0.00100000000000000002             2.68219157326696500121           530.01188783837733353721
             4.03050865276332093146            -0.00100000000000000002            -0.00100000000000000002             2.67816106461420178064           534.04239649114060739521
             4.03050865276332093146            -0.00100000000000000002            -0.00100000000000000002             2.67413055596143856008           538.07290514390388125321
             4.03050865276332093146            -0.00100000000000000002            -0.00100000000000000002             2.67010004730867533951           542.10341379666715511121
             4.03050865276332093146            -0.00100000000000000002            -0.00100000000000000002             2.66606953865591211894           546.13392244943042896921
             4.03050865276332093146            -0.00100000000000000002            -0.00100000000000000002             2.66203903000314889837           550.16443110219370282721
             4.03050865276332093146            -0.00100000000000000002            -0.00100000000000000002             2.65800852135038567781           554.19493975495697668521
             4.03050865276332093146            -0.00100000000000000002            -0.00100000000000000002             2.65397801269762245724           558.22544840772025054321
             4.03050865276332093146            -0.00100000000000000002            -0.00100000000000000002             2.64994750404485923667           562.25595706048352440121
             4.03050865276332093146            -0.00100000000000000002            -0.00100000000000000002             2.64591699539209601610           566.28646571324679825921
             4.03050865276332093146            -0.00100000000000000002            -0.00100000000000000002             2.64188648673933279554           570.31697436601007211721
             4.03050865276332093146            -0.00100000000000000002            -0.00100000000000000002             2.63785597808656957497           574.34748301877334597521
             4.03050865276332093146            -0.00100000000000000002            -0.00100000000000000002             2.63382546943380635440           578.37799167153661983320
             4.03050865276332093146            -0.00100000000000000002            -0.00100000000000000002             2.62979496078104313384           582.40850032429989369120
             4.03050865276332093146            -0.00100000000000000002            -0.00100000000000000002             2.62576445212827991327           586.43900897706316754920
             4.03050865276332093146            -0.00100000000000000002            -0.00100000000000000002             2.62173394347551669270           590.46951762982644140720
             4.03050865276332093146            -0.00100000000000000002            -0.00100000000000000002             2.61770343482275347213           594.50002628258971526520
             4.03050865276332093146            -0.00100000000000000002            -0.00100000000000000002             2.61367292616999025157           598.53053493535298912320
             4.03050865276332093146            -0.00100000000000000002            -0.00100000000000000002             2.60964241751722703100           602.56104358811626298120
             4.03050865276332093146            -0.00100000000000000002            -0.00100000000000000002             2.60561190886446381043           606.59155224087953683920
             4.03050865276332093146            -0.00100000000000000002            -0.00100000000000000002             2.60158140021170058986           610.62206089364281069720
             4.03050865276332093146            -0.00100000000000000002            -0.00100000000000000002             2.59755089155893736930           614.65256954640608455520
             4.03050865276332093146            -0.00100000000000000002            -0.00100000000000000002             2.59352038290617414873           618.68307819916935841320
             4.03050865276332093146            -0.00100000000000000002            -0.00100000000000000002             2.58948987425341092816           622.71358685193263227120
             4.03050865276332093146            -0.00100000000000000002            -0.00100000000000000002             2.58545936560064770759           626.74409550469590612920
             4.03050865276332093146            -0.00100000000000000002            -0.00100000000000000002             2.58142885694788448703           630.77460415745917998720
             4.03050865276332093146            -0.00100000000000000002            -0.00100000000000000002             2.57739834829512126646           634.80511281022245384520
             4.03050865276332093146            -0.00100000000000000002            -0.00100000000000000002             2.57336783964235804589           638.83562146298572770320
             4.03050865276332093146            -0.00100000000000000002            -0.00100000000000000002             2.56933733098959482533           642.86613011574900156120
             4.03050865276332093146            -0.00100000000000000002            -0.00100000000000000002             2.56530682233683160476           646.89663876851227541920
             4.03050865276332093146            -0.00100000000000000002            -0.00100000000000000002             2.56127631368406838419           650.92714742127554927720
             4.03050865276332093146            -0.00100000000000000002            -0.00100000000000000002             2.55724580503130516362           654.95765607403882313520
             4.03050865276332093146            -0.00100000000000000002            -0.00100000000000000002             2.55321529637854194306           658.98816472680209699320
             4.03050865276332093146            -0.00100000000000000002            -0.00100000000000000002             2.54918478772577872249           663.01867337956537085120
             4.03050865276332093146            -0.00100000000000000002            -0.00100000000000000002             2.54515427907301550192           667.04918203232864470920
             4.03050865276332093146            -0.00100000000000000002            -0.00100000000000000002             2.54112377042025228135           671.07969068509191856720
             4.03050865276332093146            -0.00100000000000000002            -0.00100000000000000002             2.53709326176748906079           675.11019933785519242520
             4.03050865276332093146            -0.00100000000000000002            -0.00100000000000000002             2.53306275311472584022           679.14070799061846628319
             4.03050865276332093146            -0.00100000000000000002            -0.00100000000000000002             2.52903224446196261965           683.17121664338174014119
             4.03050865276332093146            -0.00100000000000000002            -0.00100000000000000002             2.52500173580919939909           687.20172529614501399919
             4.03050865276332093146            -0.00100000000000000002            -0.00100000000000000002             2.52097122715643617852           691.23223394890828785719
             4.03050865276332093146            -0.00100000000000000002            -0.00100000000000000002             2.51694071850367295795           695.26274260167156171519
             4.03050865276332093146            -0.00100000000000000002            -0.00100000000000000002             2.51291020985090973738           699.29325125443483557319
             4.03050865276332093146            -0.00100000000000000002            -0.00100000000000000002             2.50887970119814651682           703.32375990719810943119
             4.03050865276332093146            -0.00100000000000000002            -0.00100000000000000002             2.50484919254538329625           707.35426855996138328919
             4.03050865276332093146            -0.00100000000000000002            -0.00100000000000000002             2.50081868389262007568           711.38477721272465714719
             4.03050865276332093146            -0.00100000000000000002            -0.00100000000000000002             2.49678817523985685511           715.41528586548793100519
             4.03050865276332093146            -0.00100000000000000002            -0.00100000000000000002             2.49275766658709363455           719.44579451825120486319
             4.03050865276332093146            -0.00100000000000000002            -0.00100000000000000002             2.48872715793433041398           723.47630317101447872119
             4.03050865276332093146            -0.00100000000000000002            -0.00100000000000000002             2.48469664928156719341           727.50681182377775257919
             4.03050865276332093146            -0.00100000000000000002            -0.00100000000000000002             2.48066614062880397285           731.53732047654102643719
             4.03050865276332093146            -0.00100000000000000002            -0.00100000000000000002             2.47663563197604075228           735.56782912930430029519
             4.03050865276332093146            -0.00100000000000000002            -0.00100000000000000002             2.47260512332327753171           739.59833778206757415319
             4.03050865276332093146            -0.00100000000000000002            -0.00100000000000000002             2.46857461467051431114           743.62884643483084801119
             4.03050865276332093146            -0.00100000000000000002            -0.00100000000000000002             2.46454410601775109058           747.65935508759412186919
             4.03050865276332093146            -0.00100000000000000002            -0.00100000000000000002             2.46051359736498787001           751.68986374035739572719
             4.03050865276332093146            -0.00100000000000000002            -0.00100000000000000002             2.45648308871222464944           755.72037239312066958519
             4.03050865276332093146            -0.00100000000000000002            -0.00100000000000000002             2.45245258005946142887           759.75088104588394344319
             4.03050865276332093146            -0.00100000000000000002            -0.00100000000000000002             2.44842207140669820831           763.78138969864721730119
             4.03050865276332093146            -0.00100000000000000002            -0.00100000000000000002             2.44439156275393498774           767.81189835141049115919
             4.03050865276332093146            -0.00100000000000000002            -0.00100000000000000002             2.44036105410117176717           771.84240700417376501719
             4.03050865276332093146            -0.00100000000000000002            -0.00100000000000000002             2.43633054544840854660           775.87291565693703887518
             4.03050865276332093146            -0.00100000000000000002            -0.00100000000000000002             2.43230003679564532604           779.90342430970031273318
             4.03050865276332093146            -0.00100000000000000002            -0.00100000000000000002             2.42826952814288210547           783.93393296246358659118
             4.03050865276332093146            -0.00100000000000000002            -0.00100000000000000002             2.42423901949011888490           787.96444161522686044918
             4.03050865276332093146            -0.00100000000000000002            -0.00100000000000000002             2.42020851083735566434           791.99495026799013430718
             4.03050865276332093146            -0.00100000000000000002            -0.00100000000000000002             2.41617800218459244377           796.02545892075340816518
             4.03050865276332093146            -0.00100000000000000002            -0.00100000000000000002             2.41214749353182922320           800.05596757351668202318
             4.03050865276332093146            -0.00100000000000000002            -0.00100000000000000002             2.40811698487906600263           804.08647622627995588118
             0.00000000000000000000
          13           1           5           1          -1           0          -1         100          11          12          -1           1           2          -1             0.00000000000000000000             1.50000000000000000000             4.03050865276332093146             0.00000000000000000000             4.00000000000000000000             0.00000000000000000000
             4.03050865276332093146            -0.00100000000000000002            -0.00100000000000000002             2.40408647622628279805             2.01525432638166046573
             4.03050865276332093146            -0.00100000000000000002            -0.00100000000000000002             2.40005596757351957748             6.04576297914498184127
             4.03050865276332093146            -0.00100000000000000002            -0.00100000000000000002             2.39602545892075635692            10.07627163190830188455
             4.03050865276332093146            -0.00100000000000000002            -0.00100000000000000002             2.39199495026799313635            14.10678028467162192783
             4.03050865276332093146            -0.00100000000000000002            -0.00100000000000000002             2.38796444161522991578            18.13728893743494197111
             4.03050865276332093146            -0.00100000000000000002            -0.00100000000000000002             2.38393393296246669522            22.16779759019826201438
             4.03050865276332093146            -0.00100000000000000002            -0.00100000000000000002             2.37990342430970347465            26.19830624296158205766
             4.03050865276332093146            -0.00100000000000000002            -0.00100000000000000002             2.37587291565694025408            30.22881489572490210094
             4.03050865276332093146            -0.00100000000000000002            -0.00100000000000000002             2.37184240700417703351            34.25932354848822569693
             4.03050865276332093146            -0.00100000000000000002            -0.00100000000000000002             2.36781189835141381295            38.28983220125154929292
             4.03050865276332093146            -0.00100000000000000002            -0.00100000000000000002             2.36378138969865059238            42.32034085401487288891
             4.03050865276332093146            -0.00100000000000000002            -0.00100000000000000002             2.35975088104588737181            46.35084950677819648490
             4.03050865276332093146            -0.00100000000000000002            -0.00100000000000000002             2.35572037239312415124            50.38135815954152008089
             4.03050865276332093146            -0.00100000000000000002            -0.00100000000000000002             2.35168986374036093068            54.41186681230484367688
             4.03050865276332093146            -0.00100000000000000002            -0.00100000000000000002             2.34765935508759771011            58.44237546506816727288
             4.03050865276332093146            -0.00100000000000000002            -0.00100000000000000002             2.34362884643483448954            62.47288411783149086887
             4.03050865276332093146            -0.00100000000000000002            -0.00100000000000000002             2.33959833778207126898            66.50339277059481446486
             4.03050865276332093146            -0.00100000000000000002            -0.00100000000000000002             2.33556782912930804841            70.53390142335813095542
             4.03050865276332093146            -0.00100000000000000002            -0.00100000000000000002             2.33153732047654482784            74.56441007612144744598
             4.03050865276332093146            -0.00100000000000000002            -0.00100000000000000002             2.32750681182378160727            78.59491872888476393655
             4.03050865276332093146            -0.00100000000000000002            -0.00100000000000000002             2.32347630317101838671            82.62542738164808042711
             4.03050865276332093146            -0.00100000000000000002            -0.00100000000000000002             2.31944579451825516614            86.65593603441139691768
             4.03050865276332093146            -0.00100000000000000002            -0.00100000000000000002             2.31541528586549194557            90.68644468717471340824
             4.03050865276332093146            -0.00100000000000000002            -0.00100000000000000002             2.31138477721272872500            94.71695333993802989880
             4.03050865276332093146            -0.00100000000000000002            -0.00100000000000000002             2.30735426855996550444            98.74746199270134638937
             4.03050865276332093146            -0.00100000000000000002            -0.00100000000000000002             2.30332375990720228387           102.77797064546466287993
             4.03050865276332093146            -0.00100000000000000002            -0.00100000000000000002             2.29929325125443906330           106.80847929822797937049
             4.03050865276332093146            -0.00100000000000000002            -0.00100000000000000002             2.29526274260167584274           110.83898795099129586106
             4.03050865276332093146            -0.00100000000000000002            -0.00100000000000000002             2.29123223394891262217           114.86949660375461235162
             4.03050865276332093146            -0.00100000000000000002            -0.00100000000000000002             2.28720172529614940160           118.90000525651792884219
             4.03050865276332093146            -0.00100000000000000002            -0.00100000000000000002             2.28317121664338618103           122.93051390928124533275
             4.03050865276332093146            -0.00100000000000000002            -0.00100000000000000002             2.27914070799062296047           126.96102256204456182331
             4.03050865276332093146            -0.00100000000000000002            -0.00100000000000000002             2.27511019933785973990           130.99153121480787831388
             4.03050865276332093146            -0.00100000000000000002            -0.00100000000000000002             2.27107969068509651933           135.02203986757120901530
             4.03050865276332093146            -0.00100000000000000002            -0.00100000000000000002             2.26704918203233329876           139.05254852033453971671
             4.03050865276332093146            -0.00100000000000000002            -0.00100000000000000002             2.26301867337957007820           143.08305717309787041813
             4.03050865276332093146            -0.00100000000000000002            -0.00100000000000000002             2.25898816472680685763           147.11356582586120111955
             4.03050865276332093146            -0.00100000000000000002            -0.00100000000000000002             2.25495765607404363706           151.14407447862453182097
             4.03050865276332093146            -0.00100000000000000002            -0.00100000000000000002             2.25092714742128041649           155.17458313138786252239
             4.03050865276332093146            -0.00100000000000000002            -0.00100000000000000002             2.24689663876851719593           159.20509178415119322381
             4.03050865276332093146            -0.00100000000000000002            -0.00100000000000000002             2.24286613011575397536           163.23560043691452392522
             4.03050865276332093146            -0.00100000000000000002            -0.00100000000000000002             2.23883562146299075479           167.26610908967785462664
             4.03050865276332093146            -0.00100000000000000002            -0.00100000000000000002             2.23480511281022753423           171.29661774244118532806
             4.03050865276332093146            -0.00100000000000000002            -0.00100000000000000002             2.23077460415746431366           175.32712639520451602948
             4.03050865276332093146            -0.00100000000000000002            -0.00100000000000000002             2.22674409550470109309           179.35763504796784673090
             4.03050865276332093146            -0.00100000000000000002            -0.00100000000000000002             2.22271358685193787252           183.38814370073117743232
             4.03050865276332093146            -0.00100000000000000002            -0.00100000000000000002             2.21868307819917465196           187.41865235349450813374
             4.03050865276332093146            -0.00100000000000000002            -0.00100000000000000002             2.21465256954641143139           191.44916100625783883515
             4.03050865276332093146            -0.00100000000000000002            -0.00100000000000000002             2.21062206089364821082           195.47966965902116953657
             4.03050865276332093146            -0.00100000000000000002            -0.00100000000000000002             2.20659155224088499025           199.51017831178450023799
             4.03050865276332093146            -0.00100000000000000002            -0.00100000000000000002             2.20256104358812176969           203.54068696454783093941
             4.03050865276332093146            -0.00100000000000000002            -0.00100000000000000002             2.19853053493535854912           207.57119561731116164083
             4.03050865276332093146            -0.00100000000000000002            -0.00100000000000000002             2.19450002628259532855           211.60170427007449234225
             4.03050865276332093146            -0.00100000000000000002            -0.00100000000000000002             2.19046951762983210799           215.63221292283782304366
             4.03050865276332093146            -0.00100000000000000002            -0.00100000000000000002             2.18643900897706888742           219.66272157560115374508
             4.03050865276332093146            -0.00100000000000000002            -0.00100000000000000002             2.18240850032430566685           223.69323022836448444650
             4.03050865276332093146            -0.00100000000000000002            -0.00100000000000000002             2.17837799167154244628           227.72373888112781514792
             4.03050865276332093146            -0.00100000000000000002            -0.00100000000000000002             2.17434748301877922572           231.75424753389114584934
             4.03050865276332093146            -0.00100000000000000002            -0.00100000000000000002             2.17031697436601600515           235.78475618665447655076
             4.03050865276332093146            -0.00100000000000000002            -0.00100000000000000002             2.16628646571325278458           239.81526483941780725218
             4.03050865276332093146            -0.00100000000000000002            -0.00100000000000000002             2.16225595706048956401           243.84577349218113795359
             4.03050865276332093146            -0.00100000000000000002            -0.00100000000000000002             2.15822544840772634345           247.87628214494446865501
             4.03050865276332093146            -0.00100000000000000002            -0.00100000000000000002             2.15419493975496312288           251.90679079770779935643
             4.03050865276332093146            -0.00100000000000000002            -0.00100000000000000002             2.15016443110219990231           255.93729945047113005785
             4.03050865276332093146            -0.00100000000000000002            -0.00100000000000000002             2.14613392244943668175           259.96780810323446075927
             4.03050865276332093146            -0.00100000000000000002            -0.00100000000000000002             2.14210341379667346118           263.99831675599779146069
             4.03050865276332093146            -0.00100000000000000002            -0.00100000000000000002             2.13807290514391024061           268.02882540876112216210
             4.03050865276332093146            -0.00100000000000000002            -0.00100000000000000002             2.13404239649114702004           272.05933406152445286352
             4.03050865276332093146            -0.00100000000000000002            -0.00100000000000000002             2.13001188783838379948           276.08984271428778356494
             4.03050865276332093146            -0.00100000000000000002            -0.00100000000000000002             2.12598137918562057891           280.12035136705111426636
             4.03050865276332093146            -0.00100000000000000002            -0.00100000000000000002             2.12195087053285735834           284.15086001981444496778
             4.03050865276332093146            -0.00100000000000000002            -0.00100000000000000002             2.11792036188009413777           288.18136867257777566920
             4.03050865276332093146            -0.00100000000000000002            -0.00100000000000000002             2.11388985322733091721           292.21187732534110637062
             4.03050865276332093146            -0.00100000000000000002            -0.00100000000000000002             2.10985934457456769664           296.24238597810443707203
             4.03050865276332093146            -0.00100000000000000002            -0.00100000000000000002             2.10582883592180447607           300.27289463086776777345
             4.03050865276332093146            -0.00100000000000000002            -0.00100000000000000002             2.10179832726904125551           304.30340328363109847487
             4.03050865276332093146            -0.00100000000000000002            -0.00100000000000000002             2.09776781861627803494           308.33391193639442917629
             4.03050865276332093146            -0.00100000000000000002            -0.00100000000000000002             2.09373730996351481437           312.36442058915775987771
             4.03050865276332093146            -0.00100000000000000002            -0.00100000000000000002             2.08970680131075159380           316.39492924192109057913
             4.03050865276332093146            -0.00100000000000000002            -0.00100000000000000002             2.08567629265798837324           320.42543789468442128054
             4.03050865276332093146            -0.00100000000000000002            -0.00100000000000000002             2.08164578400522515267           324.45594654744775198196
             4.03050865276332093146            -0.00100000000000000002            -0.00100000000000000002             2.07761527535246193210           328.48645520021108268338
             4.03050865276332093146            -0.00100000000000000002            -0.00100000000000000002             2.07358476669969871153           332.51696385297441338480
             4.03050865276332093146            -0.00100000000000000002            -0.00100000000000000002             2.06955425804693549097           336.54747250573774408622
             4.03050865276332093146            -0.00100000000000000002            -0.00100000000000000002             2.06552374939417227040           340.57798115850107478764
             4.03050865276332093146            -0.00100000000000000002            -0.00100000000000000002             2.06149324074140904983           344.60848981126440548906
             4.03050865276332093146            -0.00100000000000000002            -0.00100000000000000002             2.05746273208864582926           348.63899846402773619047
             4.03050865276332093146            -0.00100000000000000002            -0.00100000000000000002             2.05343222343588260870           352.66950711679106689189
             4.03050865276332093146            -0.00100000000000000002            -0.00100000000000000002             2.04940171478311938813           356.70001576955439759331
             4.03050865276332093146            -0.00100000000000000002            -0.00100000000000000002             2.04537120613035616756           360.73052442231772829473
             4.03050865276332093146            -0.00100000000000000002            -0.00100000000000000002             2.04134069747759294700           364.76103307508105899615
             4.03050865276332093146            -0.00100000000000000002            -0.00100000000000000002             2.03731018882482972643           368.79154172784438969757
             4.03050865276332093146            -0.00100000000000000002            -0.00100000000000000002             2.03327968017206650586           372.82205038060772039898
             4.03050865276332093146            -0.00100000000000000002            -0.00100000000000000002             2.02924917151930328529           376.85255903337105110040
             4.03050865276332093146            -0.00100000000000000002            -0.00100000000000000002             2.02521866286654006473           380.88306768613438180182
             4.03050865276332093146            -0.00100000000000000002            -0.00100000000000000002             2.02118815421377684416           384.91357633889771250324
             4.03050865276332093146            -0.00100000000000000002            -0.00100000000000000002             2.01715764556101362359           388.94408499166104320466
             4.03050865276332093146            -0.00100000000000000002            -0.00100000000000000002             2.01312713690825040302           392.97459364442437390608
             4.03050865276332093146            -0.00100000000000000002            -0.00100000000000000002             2.00909662825548718246           397.00510229718770460750
             4.03050865276332093146            -0.00100000000000000002            -0.00100000000000000002             2.00506611960272396189           401.03561094995103530891
            -0.00100000000000000002
