                    500                      3                      3                     15
                      5                      5                      3                      5
           1          -1          -1           1           3           0           2         200           3           5          -1           2           3          -1             0.00000000000000000000             2.75000000000000000000             4.00000000000000000000             0.00000000000000000000             4.00000000000000000000             0.00000000000000000000
             4.00000000000000000000            -0.00100000000000000002            -0.00100000000000000002             0.79800000000000004263             2.00000000000000000000
             4.00000000000000000000            -0.00100000000000000002            -0.00100000000000000002             0.79400000000000003908             6.00000000000000000000
             4.00000000000000000000            -0.00100000000000000002            -0.00100000000000000002             0.79000000000000003553            10.00000000000000000000
             4.00000000000000000000            -0.00100000000000000002            -0.00100000000000000002             0.78600000000000003197            14.00000000000000000000
             4.00000000000000000000            -0.00100000000000000002            -0.00100000000000000002             0.78200000000000002842            18.00000000000000000000
             4.00000000000000000000            -0.00100000000000000002            -0.00100000000000000002             0.77800000000000002487            22.00000000000000000000
             4.00000000000000000000            -0.00100000000000000002            -0.00100000000000000002             0.77400000000000002132            26.00000000000000000000
             4.00000000000000000000            -0.00100000000000000002            -0.00100000000000000002             0.77000000000000001776            30.00000000000000000000
             4.00000000000000000000            -0.00100000000000000002            -0.00100000000000000002             0.76600000000000001421            34.00000000000000000000
             4.00000000000000000000            -0.00100000000000000002            -0.00100000000000000002             0.76200000000000001066            38.00000000000000000000
             4.00000000000000000000            -0.00100000000000000002            -0.00100000000000000002             0.75800000000000000711            42.00000000000000000000
             4.00000000000000000000            -0.00100000000000000002            -0.00100000000000000002             0.75400000000000000355            46.00000000000000000000
             4.00000000000000000000            -0.00100000000000000002            -0.00100000000000000002             0.75000000000000000000            50.00000000000000000000
             4.00000000000000000000            -0.00100000000000000002            -0.00100000000000000002             0.74599999999999999645            54.00000000000000000000
             4.00000000000000000000            -0.00100000000000000002            -0.00100000000000000002             0.74199999999999999289            58.00000000000000000000
             4.00000000000000000000            -0.00100000000000000002            -0.00100000000000000002             0.73799999999999998934            62.00000000000000000000
             4.00000000000000000000            -0.00100000000000000002            -0.00100000000000000002             0.73399999999999998579            66.00000000000000000000
             4.00000000000000000000            -0.00100000000000000002            -0.00100000000000000002             0.72999999999999998224            70.00000000000000000000
             4.00000000000000000000            -0.00100000000000000002            -0.00100000000000000002             0.72599999999999997868            74.00000000000000000000
             4.00000000000000000000            -0.00100000000000000002            -0.00100000000000000002             0.72199999999999997513            78.00000000000000000000
             4.00000000000000000000            -0.00100000000000000002            -0.00100000000000000002             0.71799999999999997158            82.00000000000000000000
             4.00000000000000000000            -0.00100000000000000002            -0.00100000000000000002             0.71399999999999996803            86.00000000000000000000
             4.00000000000000000000            -0.00100000000000000002            -0.00100000000000000002             0.70999999999999996447            90.00000000000000000000
             4.00000000000000000000            -0.00100000000000000002            -0.00100000000000000002             0.70599999999999996092            94.00000000000000000000
             4.00000000000000000000            -0.00100000000000000002            -0.00100000000000000002             0.70199999999999995737            98.00000000000000000000
             4.00000000000000000000            -0.00100000000000000002            -0.00100000000000000002             0.69799999999999995381           102.00000000000000000000
             4.00000000000000000000            -0.00100000000000000002            -0.00100000000000000002             0.69399999999999995026           106.00000000000000000000
             4.00000000000000000000            -0.00100000000000000002            -0.00100000000000000002             0.68999999999999994671           110.00000000000000000000
             4.00000000000000000000            -0.00100000000000000002            -0.00100000000000000002             0.68599999999999994316           114.00000000000000000000
             4.00000000000000000000            -0.00100000000000000002            -0.00100000000000000002             0.68199999999999993960           118.00000000000000000000
             4.00000000000000000000            -0.00100000000000000002            -0.00100000000000000002             0.67799999999999993605           122.00000000000000000000
             4.00000000000000000000            -0.00100000000000000002            -0.00100000000000000002             0.67399999999999993250           126.00000000000000000000
             4.00000000000000000000            -0.00100000000000000002            -0.00100000000000000002             0.66999999999999992895           130.00000000000000000000
             4.00000000000000000000            -0.00100000000000000002            -0.00100000000000000002             0.66599999999999992539           134.00000000000000000000
             4.00000000000000000000            -0.00100000000000000002            -0.00100000000000000002             0.66199999999999992184           138.00000000000000000000
             4.00000000000000000000            -0.00100000000000000002            -0.00100000000000000002             0.65799999999999991829           142.00000000000000000000
             4.00000000000000000000            -0.00100000000000000002            -0.00100000000000000002             0.65399999999999991473           146.00000000000000000000
             4.00000000000000000000            -0.00100000000000000002            -0.00100000000000000002             0.64999999999999991118           150.00000000000000000000
             4.00000000000000000000            -0.00100000000000000002            -0.00100000000000000002             0.64599999999999990763           154.00000000000000000000
             4.00000000000000000000            -0.00100000000000000002            -0.00100000000000000002             0.64199999999999990408           158.00000000000000000000
             4.00000000000000000000            -0.00100000000000000002            -0.00100000000000000002             0.63799999999999990052           162.00000000000000000000
             4.00000000000000000000            -0.00100000000000000002            -0.00100000000000000002             0.63399999999999989697           166.00000000000000000000
             4.00000000000000000000            -0.00100000000000000002            -0.00100000000000000002             0.62999999999999989342           170.00000000000000000000
             4.00000000000000000000            -0.00100000000000000002            -0.00100000000000000002             0.62599999999999988987           174.00000000000000000000
             4.00000000000000000000            -0.00100000000000000002            -0.00100000000000000002             0.62199999999999988631           178.00000000000000000000
             4.00000000000000000000            -0.00100000000000000002            -0.00100000000000000002             0.61799999999999988276           182.00000000000000000000
             4.00000000000000000000            -0.00100000000000000002            -0.00100000000000000002             0.61399999999999987921           186.00000000000000000000
             4.00000000000000000000            -0.00100000000000000002            -0.00100000000000000002             0.60999999999999987566           190.00000000000000000000
             4.00000000000000000000            -0.00100000000000000002            -0.00100000000000000002             0.60599999999999987210           194.00000000000000000000
             4.00000000000000000000            -0.00100000000000000002            -0.00100000000000000002             0.60199999999999986855           198.00000000000000000000
             4.00000000000000000000            -0.00100000000000000002            -0.00100000000000000002             0.59799999999999986500           202.00000000000000000000
             4.00000000000000000000            -0.00100000000000000002            -0.00100000000000000002             0.59399999999999986144           206.00000000000000000000
             4.00000000000000000000            -0.00100000000000000002            -0.00100000000000000002             0.58999999999999985789           210.00000000000000000000
             4.00000000000000000000            -0.00100000000000000002            -0.00100000000000000002             0.58599999999999985434           214.00000000000000000000
             4.00000000000000000000            -0.00100000000000000002            -0.00100000000000000002             0.58199999999999985079           218.00000000000000000000
             4.00000000000000000000            -0.00100000000000000002            -0.00100000000000000002             0.57799999999999984723           222.00000000000000000000
             4.00000000000000000000            -0.00100000000000000002            -0.00100000000000000002             0.57399999999999984368           226.00000000000000000000
             4.00000000000000000000            -0.00100000000000000002            -0.00100000000000000002             0.56999999999999984013           230.00000000000000000000
             4.00000000000000000000            -0.00100000000000000002            -0.00100000000000000002             0.56599999999999983658           234.00000000000000000000
             4.00000000000000000000            -0.00100000000000000002            -0.00100000000000000002             0.56199999999999983302           238.00000000000000000000
             4.00000000000000000000            -0.00100000000000000002            -0.00100000000000000002             0.55799999999999982947           242.00000000000000000000
             4.00000000000000000000            -0.00100000000000000002            -0.00100000000000000002             0.55399999999999982592           246.00000000000000000000
             4.00000000000000000000            -0.00100000000000000002            -0.00100000000000000002             0.54999999999999982236           250.00000000000000000000
             4.00000000000000000000            -0.00100000000000000002            -0.00100000000000000002             0.54599999999999981881           254.00000000000000000000
             4.00000000000000000000            -0.00100000000000000002            -0.00100000000000000002             0.54199999999999981526           258.00000000000000000000
             4.00000000000000000000            -0.00100000000000000002            -0.00100000000000000002             0.53799999999999981171           262.00000000000000000000
             4.00000000000000000000            -0.00100000000000000002            -0.00100000000000000002             0.53399999999999980815           266.00000000000000000000
             4.00000000000000000000            -0.00100000000000000002            -0.00100000000000000002             0.52999999999999980460           270.00000000000000000000
             4.00000000000000000000            -0.00100000000000000002            -0.00100000000000000002             0.52599999999999980105           274.00000000000000000000
             4.00000000000000000000            -0.00100000000000000002            -0.00100000000000000002             0.52199999999999979750           278.00000000000000000000
             4.00000000000000000000            -0.00100000000000000002            -0.00100000000000000002             0.51799999999999979394           282.00000000000000000000
             4.00000000000000000000            -0.00100000000000000002            -0.00100000000000000002             0.51399999999999979039           286.00000000000000000000
             4.00000000000000000000            -0.00100000000000000002            -0.00100000000000000002             0.50999999999999978684           290.00000000000000000000
             4.00000000000000000000            -0.00100000000000000002            -0.00100000000000000002             0.50599999999999978328           294.00000000000000000000
             4.00000000000000000000            -0.00100000000000000002            -0.00100000000000000002             0.50199999999999977973           298.00000000000000000000
             4.00000000000000000000            -0.00100000000000000002            -0.00100000000000000002             0.49799999999999977618           302.00000000000000000000
             4.00000000000000000000            -0.00100000000000000002            -0.00100000000000000002             0.49399999999999977263           306.00000000000000000000
             4.00000000000000000000            -0.00100000000000000002            -0.00100000000000000002             0.48999999999999976907           310.00000000000000000000
             4.00000000000000000000            -0.00100000000000000002            -0.00100000000000000002             0.48599999999999976552           314.00000000000000000000
             4.00000000000000000000            -0.00100000000000000002            -0.00100000000000000002             0.48199999999999976197           318.00000000000000000000
             4.00000000000000000000            -0.00100000000000000002            -0.00100000000000000002             0.47799999999999975842           322.00000000000000000000
             4.00000000000000000000            -0.00100000000000000002            -0.00100000000000000002             0.47399999999999975486           326.00000000000000000000
             4.00000000000000000000            -0.00100000000000000002            -0.00100000000000000002             0.46999999999999975131           330.00000000000000000000
             4.00000000000000000000            -0.00100000000000000002            -0.00100000000000000002             0.46599999999999974776           334.00000000000000000000
             4.00000000000000000000            -0.00100000000000000002            -0.00100000000000000002             0.46199999999999974420           338.00000000000000000000
             4.00000000000000000000            -0.00100000000000000002            -0.00100000000000000002             0.45799999999999974065           342.00000000000000000000
             4.00000000000000000000            -0.00100000000000000002            -0.00100000000000000002             0.45399999999999973710           346.00000000000000000000
             4.00000000000000000000            -0.00100000000000000002            -0.00100000000000000002             0.44999999999999973355           350.00000000000000000000
             4.00000000000000000000            -0.00100000000000000002            -0.00100000000000000002             0.44599999999999972999           354.00000000000000000000
             4.00000000000000000000            -0.00100000000000000002            -0.00100000000000000002             0.44199999999999972644           358.00000000000000000000
             4.00000000000000000000            -0.00100000000000000002            -0.00100000000000000002             0.43799999999999972289           362.00000000000000000000
             4.00000000000000000000            -0.00100000000000000002            -0.00100000000000000002             0.43399999999999971934           366.00000000000000000000
             4.00000000000000000000            -0.00100000000000000002            -0.00100000000000000002             0.42999999999999971578           370.00000000000000000000
             4.00000000000000000000            -0.00100000000000000002            -0.00100000000000000002             0.42599999999999971223           374.00000000000000000000
             4.00000000000000000000            -0.00100000000000000002            -0.00100000000000000002             0.42199999999999970868           378.00000000000000000000
             4.00000000000000000000            -0.00100000000000000002            -0.00100000000000000002             0.41799999999999970512           382.00000000000000000000
             4.00000000000000000000            -0.00100000000000000002            -0.00100000000000000002             0.41399999999999970157           386.00000000000000000000
             4.00000000000000000000            -0.00100000000000000002            -0.00100000000000000002             0.40999999999999969802           390.00000000000000000000
             4.00000000000000000000            -0.00100000000000000002            -0.00100000000000000002             0.40599999999999969447           394.00000000000000000000
             4.00000000000000000000            -0.00100000000000000002            -0.00100000000000000002             0.40199999999999969091           398.00000000000000000000
             4.00000000000000000000            -0.00100000000000000002            -0.00100000000000000002             0.39799999999999968736           402.00000000000000000000
             4.00000000000000000000            -0.00100000000000000002            -0.00100000000000000002             0.39399999999999968381           406.00000000000000000000
             4.00000000000000000000            -0.00100000000000000002            -0.00100000000000000002             0.38999999999999968026           410.00000000000000000000
             4.00000000000000000000            -0.00100000000000000002            -0.00100000000000000002             0.38599999999999967670           414.00000000000000000000
             4.00000000000000000000            -0.00100000000000000002            -0.00100000000000000002             0.38199999999999967315           418.00000000000000000000
             4.00000000000000000000            -0.00100000000000000002            -0.00100000000000000002             0.37799999999999966960           422.00000000000000000000
             4.00000000000000000000            -0.00100000000000000002            -0.00100000000000000002             0.37399999999999966604           426.00000000000000000000
             4.00000000000000000000            -0.00100000000000000002            -0.00100000000000000002             0.36999999999999966249           430.00000000000000000000
             4.00000000000000000000            -0.00100000000000000002            -0.00100000000000000002             0.36599999999999965894           434.00000000000000000000
             4.00000000000000000000            -0.00100000000000000002            -0.00100000000000000002             0.36199999999999965539           438.00000000000000000000
             4.00000000000000000000            -0.00100000000000000002            -0.00100000000000000002             0.35799999999999965183           442.00000000000000000000
             4.00000000000000000000            -0.00100000000000000002            -0.00100000000000000002             0.35399999999999964828           446.00000000000000000000
             4.00000000000000000000            -0.00100000000000000002            -0.00100000000000000002             0.34999999999999964473           450.00000000000000000000
             4.00000000000000000000            -0.00100000000000000002            -0.00100000000000000002             0.34599999999999964118           454.00000000000000000000
             4.00000000000000000000            -0.00100000000000000002            -0.00100000000000000002             0.34199999999999963762           458.00000000000000000000
             4.00000000000000000000            -0.00100000000000000002            -0.00100000000000000002             0.33799999999999963407           462.00000000000000000000
             4.00000000000000000000            -0.00100000000000000002            -0.00100000000000000002             0.33399999999999963052           466.00000000000000000000
             4.00000000000000000000            -0.00100000000000000002            -0.00100000000000000002             0.32999999999999962697           470.00000000000000000000
             4.00000000000000000000            -0.00100000000000000002            -0.00100000000000000002             0.32599999999999962341           474.00000000000000000000
             4.00000000000000000000            -0.00100000000000000002            -0.00100000000000000002             0.32199999999999961986           478.00000000000000000000
             4.00000000000000000000            -0.00100000000000000002            -0.00100000000000000002             0.31799999999999961631           482.00000000000000000000
             4.00000000000000000000            -0.00100000000000000002            -0.00100000000000000002             0.31399999999999961275           486.00000000000000000000
             4.00000000000000000000            -0.00100000000000000002            -0.00100000000000000002             0.30999999999999960920           490.00000000000000000000
             4.00000000000000000000            -0.00100000000000000002            -0.00100000000000000002             0.30599999999999960565           494.00000000000000000000
             4.00000000000000000000            -0.00100000000000000002            -0.00100000000000000002             0.30199999999999960210           498.00000000000000000000
             4.00000000000000000000            -0.00100000000000000002            -0.00100000000000000002             0.29799999999999959854           502.00000000000000000000
             4.00000000000000000000            -0.00100000000000000002            -0.00100000000000000002             0.29399999999999959499           506.00000000000000000000
             4.00000000000000000000            -0.00100000000000000002            -0.00100000000000000002             0.28999999999999959144           510.00000000000000000000
             4.00000000000000000000            -0.00100000000000000002            -0.00100000000000000002             0.28599999999999958789           514.00000000000000000000
             4.00000000000000000000            -0.00100000000000000002            -0.00100000000000000002             0.28199999999999958433           518.00000000000000000000
             4.00000000000000000000            -0.00100000000000000002            -0.00100000000000000002             0.27799999999999958078           522.00000000000000000000
             4.00000000000000000000            -0.00100000000000000002            -0.00100000000000000002             0.27399999999999957723           526.00000000000000000000
             4.00000000000000000000            -0.00100000000000000002            -0.00100000000000000002             0.26999999999999957367           530.00000000000000000000
             4.00000000000000000000            -0.00100000000000000002            -0.00100000000000000002             0.26599999999999957012           534.00000000000000000000
             4.00000000000000000000            -0.00100000000000000002            -0.00100000000000000002             0.26199999999999956657           538.00000000000000000000
             4.00000000000000000000            -0.00100000000000000002            -0.00100000000000000002             0.25799999999999956302           542.00000000000000000000
             4.00000000000000000000            -0.00100000000000000002            -0.00100000000000000002             0.25399999999999955946           546.00000000000000000000
             4.00000000000000000000            -0.00100000000000000002            -0.00100000000000000002             0.24999999999999955591           550.00000000000000000000
             4.00000000000000000000            -0.00100000000000000002            -0.00100000000000000002             0.24599999999999955236           554.00000000000000000000
             4.00000000000000000000            -0.00100000000000000002            -0.00100000000000000002             0.24199999999999954881           558.00000000000000000000
             4.00000000000000000000            -0.00100000000000000002            -0.00100000000000000002             0.23799999999999954525           562.00000000000000000000
             4.00000000000000000000            -0.00100000000000000002            -0.00100000000000000002             0.23399999999999954170           566.00000000000000000000
             4.00000000000000000000            -0.00100000000000000002            -0.00100000000000000002             0.22999999999999953815           570.00000000000000000000
             4.00000000000000000000            -0.00100000000000000002            -0.00100000000000000002             0.22599999999999953459           574.00000000000000000000
             4.00000000000000000000            -0.00100000000000000002            -0.00100000000000000002             0.22199999999999953104           578.00000000000000000000
             4.00000000000000000000            -0.00100000000000000002            -0.00100000000000000002             0.21799999999999952749           582.00000000000000000000
             4.00000000000000000000            -0.00100000000000000002            -0.00100000000000000002             0.21399999999999952394           586.00000000000000000000
             4.00000000000000000000            -0.00100000000000000002            -0.00100000000000000002             0.20999999999999952038           590.00000000000000000000
             4.00000000000000000000            -0.00100000000000000002            -0.00100000000000000002             0.20599999999999951683           594.00000000000000000000
             4.00000000000000000000            -0.00100000000000000002            -0.00100000000000000002             0.20199999999999951328           598.00000000000000000000
             4.00000000000000000000            -0.00100000000000000002            -0.00100000000000000002             0.19799999999999950973           602.00000000000000000000
             4.00000000000000000000            -0.00100000000000000002            -0.00100000000000000002             0.19399999999999950617           606.00000000000000000000
             4.00000000000000000000            -0.00100000000000000002            -0.00100000000000000002             0.18999999999999950262           610.00000000000000000000
             4.00000000000000000000            -0.00100000000000000002            -0.00100000000000000002             0.18599999999999949907           614.00000000000000000000
             4.00000000000000000000            -0.00100000000000000002            -0.00100000000000000002             0.18199999999999949551           618.00000000000000000000
             4.00000000000000000000            -0.00100000000000000002            -0.00100000000000000002             0.17799999999999949196           622.00000000000000000000
             4.00000000000000000000            -0.00100000000000000002            -0.00100000000000000002             0.17399999999999948841           626.00000000000000000000
             4.00000000000000000000            -0.00100000000000000002            -0.00100000000000000002             0.16999999999999948486           630.00000000000000000000
             4.00000000000000000000            -0.00100000000000000002            -0.00100000000000000002             0.16599999999999948130           634.00000000000000000000
             4.00000000000000000000            -0.00100000000000000002            -0.00100000000000000002             0.16199999999999947775           638.00000000000000000000
             4.00000000000000000000            -0.00100000000000000002            -0.00100000000000000002             0.15799999999999947420           642.00000000000000000000
             4.00000000000000000000            -0.00100000000000000002            -0.00100000000000000002             0.15399999999999947065           646.00000000000000000000
             4.00000000000000000000            -0.00100000000000000002            -0.00100000000000000002             0.14999999999999946709           650.00000000000000000000
             4.00000000000000000000            -0.00100000000000000002            -0.00100000000000000002             0.14599999999999946354           654.00000000000000000000
             4.00000000000000000000            -0.00100000000000000002            -0.00100000000000000002             0.14199999999999945999           658.00000000000000000000
             4.00000000000000000000            -0.00100000000000000002            -0.00100000000000000002             0.13799999999999945643           662.00000000000000000000
             4.00000000000000000000            -0.00100000000000000002            -0.00100000000000000002             0.13399999999999945288           666.00000000000000000000
             4.00000000000000000000            -0.00100000000000000002            -0.00100000000000000002             0.12999999999999944933           670.00000000000000000000
             4.00000000000000000000            -0.00100000000000000002            -0.00100000000000000002             0.12599999999999944578           674.00000000000000000000
             4.00000000000000000000            -0.00100000000000000002            -0.00100000000000000002             0.12199999999999944222           678.00000000000000000000
             4.00000000000000000000            -0.00100000000000000002            -0.00100000000000000002             0.11799999999999943867           682.00000000000000000000
             4.00000000000000000000            -0.00100000000000000002            -0.00100000000000000002             0.11399999999999943512           686.00000000000000000000
             4.00000000000000000000            -0.00100000000000000002            -0.00100000000000000002             0.10999999999999943157           690.00000000000000000000
             4.00000000000000000000            -0.00100000000000000002            -0.00100000000000000002             0.10599999999999942801           694.00000000000000000000
             4.00000000000000000000            -0.00100000000000000002            -0.00100000000000000002             0.10199999999999942446           698.00000000000000000000
             4.00000000000000000000            -0.00100000000000000002            -0.00100000000000000002             0.09799999999999942091           702.00000000000000000000
             4.00000000000000000000            -0.00100000000000000002            -0.00100000000000000002             0.09399999999999941735           706.00000000000000000000
             4.00000000000000000000            -0.00100000000000000002            -0.00100000000000000002             0.08999999999999941380           710.00000000000000000000
             4.00000000000000000000            -0.00100000000000000002            -0.00100000000000000002             0.08599999999999941025           714.00000000000000000000
             4.00000000000000000000            -0.00100000000000000002            -0.00100000000000000002             0.08199999999999940670           718.00000000000000000000
             4.00000000000000000000            -0.00100000000000000002            -0.00100000000000000002             0.07799999999999940314           722.00000000000000000000
             4.00000000000000000000            -0.00100000000000000002            -0.00100000000000000002             0.07399999999999939959           726.00000000000000000000
             4.00000000000000000000            -0.00100000000000000002            -0.00100000000000000002             0.06999999999999939604           730.00000000000000000000
             4.00000000000000000000            -0.00100000000000000002            -0.00100000000000000002             0.06599999999999939249           734.00000000000000000000
             4.00000000000000000000            -0.00100000000000000002            -0.00100000000000000002             0.06199999999999938893           738.00000000000000000000
             4.00000000000000000000            -0.00100000000000000002            -0.00100000000000000002             0.05799999999999938538           742.00000000000000000000
             4.00000000000000000000            -0.00100000000000000002            -0.00100000000000000002             0.05399999999999938183           746.00000000000000000000
             4.00000000000000000000            -0.00100000000000000002            -0.00100000000000000002             0.04999999999999937828           750.00000000000000000000
             4.00000000000000000000            -0.00100000000000000002            -0.00100000000000000002             0.04599999999999937472           754.00000000000000000000
             4.00000000000000000000            -0.00100000000000000002            -0.00100000000000000002             0.04199999999999937117           758.00000000000000000000
             4.00000000000000000000            -0.00100000000000000002            -0.00100000000000000002             0.03799999999999936762           762.00000000000000000000
             4.00000000000000000000            -0.00100000000000000002            -0.00100000000000000002             0.03399999999999936406           766.00000000000000000000
             4.00000000000000000000            -0.00100000000000000002            -0.00100000000000000002             0.02999999999999936398           770.00000000000000000000
             4.00000000000000000000            -0.00100000000000000002            -0.00100000000000000002             0.02599999999999936390           774.00000000000000000000
             4.00000000000000000000            -0.00100000000000000002            -0.00100000000000000002             0.02199999999999936381           778.00000000000000000000
             4.00000000000000000000            -0.00100000000000000002            -0.00100000000000000002             0.01799999999999936373           782.00000000000000000000
             4.00000000000000000000            -0.00100000000000000002            -0.00100000000000000002             0.01399999999999936365           786.00000000000000000000
             4.00000000000000000000            -0.00100000000000000002            -0.00100000000000000002             0.00999999999999936356           790.00000000000000000000
             4.00000000000000000000            -0.00100000000000000002            -0.00100000000000000002             0.00599999999999936348           794.00000000000000000000
             4.00000000000000000000            -0.00100000000000000002            -0.00100000000000000002             0.00199999999999936340           798.00000000000000000000
             0.00000000000000000000
           3          -1          -1           2           1           1           0         200          -1          -1           1          -1          -1           1             0.00000000000000000000             1.00000000000000000000             4.47213595499957961010             8.00000000000000000000             4.00000000000000000000             0.00000000000000000000
             4.47213595499957961010            -0.00100000000000000002            -0.00100000000000000002             1.69219112302241625478             2.23606797749978980505
             4.47213595499957961010            -0.00100000000000000002            -0.00100000000000000002             1.68771898706741674268             6.70820393249936941515
             4.47213595499957961010            -0.00100000000000000002            -0.00100000000000000002             1.68324685111241723057            11.18033988749894902526
             4.47213595499957961010            -0.00100000000000000002            -0.00100000000000000002             1.67877471515741771846            15.65247584249852863536
             4.47213595499957961010            -0.00100000000000000002            -0.00100000000000000002             1.67430257920241820635            20.12461179749810824546
             4.47213595499957961010            -0.00100000000000000002            -0.00100000000000000002             1.66983044324741869424            24.59674775249768785557
             4.47213595499957961010            -0.00100000000000000002            -0.00100000000000000002             1.66535830729241918213            29.06888370749726746567
             4.47213595499957961010            -0.00100000000000000002            -0.00100000000000000002             1.66088617133741967002            33.54101966249685062849
             4.47213595499957961010            -0.00100000000000000002            -0.00100000000000000002             1.65641403538242015792            38.01315561749643023859
             4.47213595499957961010            -0.00100000000000000002            -0.00100000000000000002             1.65194189942742064581            42.48529157249600984869
             4.47213595499957961010            -0.00100000000000000002            -0.00100000000000000002             1.64746976347242113370            46.95742752749558945879
             4.47213595499957961010            -0.00100000000000000002            -0.00100000000000000002             1.64299762751742162159            51.42956348249516906890
             4.47213595499957961010            -0.00100000000000000002            -0.00100000000000000002             1.63852549156242210948            55.90169943749474867900
             4.47213595499957961010            -0.00100000000000000002            -0.00100000000000000002             1.63405335560742259737            60.37383539249432828910
             4.47213595499957961010            -0.00100000000000000002            -0.00100000000000000002             1.62958121965242308526            64.84597134749390079378
             4.47213595499957961010            -0.00100000000000000002            -0.00100000000000000002             1.62510908369742357316            69.31810730249347329845
             4.47213595499957961010            -0.00100000000000000002            -0.00100000000000000002             1.62063694774242406105            73.79024325749304580313
             4.47213595499957961010            -0.00100000000000000002            -0.00100000000000000002             1.61616481178742454894            78.26237921249261830781
             4.47213595499957961010            -0.00100000000000000002            -0.00100000000000000002             1.61169267583242503683            82.73451516749219081248
             4.47213595499957961010            -0.00100000000000000002            -0.00100000000000000002             1.60722053987742552472            87.20665112249176331716
             4.47213595499957961010            -0.00100000000000000002            -0.00100000000000000002             1.60274840392242601261            91.67878707749133582183
             4.47213595499957961010            -0.00100000000000000002            -0.00100000000000000002             1.59827626796742650050            96.15092303249090832651
             4.47213595499957961010            -0.00100000000000000002            -0.00100000000000000002             1.59380413201242698840           100.62305898749048083118
             4.47213595499957961010            -0.00100000000000000002            -0.00100000000000000002             1.58933199605742747629           105.09519494249005333586
             4.47213595499957961010            -0.00100000000000000002            -0.00100000000000000002             1.58485986010242796418           109.56733089748962584054
             4.47213595499957961010            -0.00100000000000000002            -0.00100000000000000002             1.58038772414742845207           114.03946685248919834521
             4.47213595499957961010            -0.00100000000000000002            -0.00100000000000000002             1.57591558819242893996           118.51160280748877084989
             4.47213595499957961010            -0.00100000000000000002            -0.00100000000000000002             1.57144345223742942785           122.98373876248834335456
             4.47213595499957961010            -0.00100000000000000002            -0.00100000000000000002             1.56697131628242991574           127.45587471748791585924
             4.47213595499957961010            -0.00100000000000000002            -0.00100000000000000002             1.56249918032743040364           131.92801067248748836391
             4.47213595499957961010            -0.00100000000000000002            -0.00100000000000000002             1.55802704437243089153           136.40014662748706086859
             4.47213595499957961010            -0.00100000000000000002            -0.00100000000000000002             1.55355490841743137942           140.87228258248663337326
             4.47213595499957961010            -0.00100000000000000002            -0.00100000000000000002             1.54908277246243186731           145.34441853748620587794
             4.47213595499957961010            -0.00100000000000000002            -0.00100000000000000002             1.54461063650743235520           149.81655449248577838262
             4.47213595499957961010            -0.00100000000000000002            -0.00100000000000000002             1.54013850055243284309           154.28869044748535088729
             4.47213595499957961010            -0.00100000000000000002            -0.00100000000000000002             1.53566636459743333099           158.76082640248492339197
             4.47213595499957961010            -0.00100000000000000002            -0.00100000000000000002             1.53119422864243381888           163.23296235748449589664
             4.47213595499957961010            -0.00100000000000000002            -0.00100000000000000002             1.52672209268743430677           167.70509831248406840132
             4.47213595499957961010            -0.00100000000000000002            -0.00100000000000000002             1.52224995673243479466           172.17723426748364090599
             4.47213595499957961010            -0.00100000000000000002            -0.00100000000000000002             1.51777782077743528255           176.64937022248321341067
             4.47213595499957961010            -0.00100000000000000002            -0.00100000000000000002             1.51330568482243577044           181.12150617748278591534
             4.47213595499957961010            -0.00100000000000000002            -0.00100000000000000002             1.50883354886743625833           185.59364213248235842002
             4.47213595499957961010            -0.00100000000000000002            -0.00100000000000000002             1.50436141291243674623           190.06577808748193092470
             4.47213595499957961010            -0.00100000000000000002            -0.00100000000000000002             1.49988927695743723412           194.53791404248150342937
             4.47213595499957961010            -0.00100000000000000002            -0.00100000000000000002             1.49541714100243772201           199.01004999748107593405
             4.47213595499957961010            -0.00100000000000000002            -0.00100000000000000002             1.49094500504743820990           203.48218595248064843872
             4.47213595499957961010            -0.00100000000000000002            -0.00100000000000000002             1.48647286909243869779           207.95432190748022094340
             4.47213595499957961010            -0.00100000000000000002            -0.00100000000000000002             1.48200073313743918568           212.42645786247979344807
             4.47213595499957961010            -0.00100000000000000002            -0.00100000000000000002             1.47752859718243967357           216.89859381747936595275
             4.47213595499957961010            -0.00100000000000000002            -0.00100000000000000002             1.47305646122744016147           221.37072977247893845743
             4.47213595499957961010            -0.00100000000000000002            -0.00100000000000000002             1.46858432527244064936           225.84286572747851096210
             4.47213595499957961010            -0.00100000000000000002            -0.00100000000000000002             1.46411218931744113725           230.31500168247808346678
             4.47213595499957961010            -0.00100000000000000002            -0.00100000000000000002             1.45964005336244162514           234.78713763747765597145
             4.47213595499957961010            -0.00100000000000000002            -0.00100000000000000002             1.45516791740744211303           239.25927359247722847613
             4.47213595499957961010            -0.00100000000000000002            -0.00100000000000000002             1.45069578145244260092           243.73140954747680098080
             4.47213595499957961010            -0.00100000000000000002            -0.00100000000000000002             1.44622364549744308881           248.20354550247637348548
             4.47213595499957961010            -0.00100000000000000002            -0.00100000000000000002             1.44175150954244357671           252.67568145747594599015
             4.47213595499957961010            -0.00100000000000000002            -0.00100000000000000002             1.43727937358744406460           257.14781741247554691654
             4.47213595499957961010            -0.00100000000000000002            -0.00100000000000000002             1.43280723763244455249           261.61995336747514784292
             4.47213595499957961010            -0.00100000000000000002            -0.00100000000000000002             1.42833510167744504038           266.09208932247474876931
             4.47213595499957961010            -0.00100000000000000002            -0.00100000000000000002             1.42386296572244552827           270.56422527747434969569
             4.47213595499957961010            -0.00100000000000000002            -0.00100000000000000002             1.41939082976744601616           275.03636123247395062208
             4.47213595499957961010            -0.00100000000000000002            -0.00100000000000000002             1.41491869381244650405           279.50849718747355154846
             4.47213595499957961010            -0.00100000000000000002            -0.00100000000000000002             1.41044655785744699195           283.98063314247315247485
             4.47213595499957961010            -0.00100000000000000002            -0.00100000000000000002             1.40597442190244747984           288.45276909747275340123
             4.47213595499957961010            -0.00100000000000000002            -0.00100000000000000002             1.40150228594744796773           292.92490505247235432762
             4.47213595499957961010            -0.00100000000000000002            -0.00100000000000000002             1.39703014999244845562           297.39704100747195525400
             4.47213595499957961010            -0.00100000000000000002            -0.00100000000000000002             1.39255801403744894351           301.86917696247155618039
             4.47213595499957961010            -0.00100000000000000002            -0.00100000000000000002             1.38808587808244943140           306.34131291747115710677
             4.47213595499957961010            -0.00100000000000000002            -0.00100000000000000002             1.38361374212744991929           310.81344887247075803316
             4.47213595499957961010            -0.00100000000000000002            -0.00100000000000000002             1.37914160617245040719           315.28558482747035895954
             4.47213595499957961010            -0.00100000000000000002            -0.00100000000000000002             1.37466947021745089508           319.75772078246995988593
             4.47213595499957961010            -0.00100000000000000002            -0.00100000000000000002             1.37019733426245138297           324.22985673746956081231
             4.47213595499957961010            -0.00100000000000000002            -0.00100000000000000002             1.36572519830745187086           328.70199269246916173870
             4.47213595499957961010            -0.00100000000000000002            -0.00100000000000000002             1.36125306235245235875           333.17412864746876266508
             4.47213595499957961010            -0.00100000000000000002            -0.00100000000000000002             1.35678092639745284664           337.64626460246836359147
             4.47213595499957961010            -0.00100000000000000002            -0.00100000000000000002             1.35230879044245333453           342.11840055746796451785
             4.47213595499957961010            -0.00100000000000000002            -0.00100000000000000002             1.34783665448745382243           346.59053651246756544424
             4.47213595499957961010            -0.00100000000000000002            -0.00100000000000000002             1.34336451853245431032           351.06267246746716637062
             4.47213595499957961010            -0.00100000000000000002            -0.00100000000000000002             1.33889238257745479821           355.53480842246676729701
             4.47213595499957961010            -0.00100000000000000002            -0.00100000000000000002             1.33442024662245528610           360.00694437746636822339
             4.47213595499957961010            -0.00100000000000000002            -0.00100000000000000002             1.32994811066745577399           364.47908033246596914978
             4.47213595499957961010            -0.00100000000000000002            -0.00100000000000000002             1.32547597471245626188           368.95121628746557007617
             4.47213595499957961010            -0.00100000000000000002            -0.00100000000000000002             1.32100383875745674978           373.42335224246517100255
             4.47213595499957961010            -0.00100000000000000002            -0.00100000000000000002             1.31653170280245723767           377.89548819746477192894
             4.47213595499957961010            -0.00100000000000000002            -0.00100000000000000002             1.31205956684745772556           382.36762415246437285532
             4.47213595499957961010            -0.00100000000000000002            -0.00100000000000000002             1.30758743089245821345           386.83976010746397378171
             4.47213595499957961010            -0.00100000000000000002            -0.00100000000000000002             1.30311529493745870134           391.31189606246357470809
             4.47213595499957961010            -0.00100000000000000002            -0.00100000000000000002             1.29864315898245918923           395.78403201746317563448
             4.47213595499957961010            -0.00100000000000000002            -0.00100000000000000002             1.29417102302745967712           400.25616797246277656086
             4.47213595499957961010            -0.00100000000000000002            -0.00100000000000000002             1.28969888707246016502           404.72830392746237748725
             4.47213595499957961010            -0.00100000000000000002            -0.00100000000000000002             1.28522675111746065291           409.20043988246197841363
             4.47213595499957961010            -0.00100000000000000002            -0.00100000000000000002             1.28075461516246114080           413.67257583746157934002
             4.47213595499957961010            -0.00100000000000000002            -0.00100000000000000002             1.27628247920746162869           418.14471179246118026640
             4.47213595499957961010            -0.00100000000000000002            -0.00100000000000000002             1.27181034325246211658           422.61684774746078119279
             4.47213595499957961010            -0.00100000000000000002            -0.00100000000000000002             1.26733820729746260447           427.08898370246038211917
             4.47213595499957961010            -0.00100000000000000002            -0.00100000000000000002             1.26286607134246309236           431.56111965745998304556
             4.47213595499957961010            -0.00100000000000000002            -0.00100000000000000002             1.25839393538746358026           436.03325561245958397194
             4.47213595499957961010            -0.00100000000000000002            -0.00100000000000000002             1.25392179943246406815           440.50539156745918489833
             4.47213595499957961010            -0.00100000000000000002            -0.00100000000000000002             1.24944966347746455604           444.97752752245878582471
             4.47213595499957961010            -0.00100000000000000002            -0.00100000000000000002             1.24497752752246504393           449.44966347745838675110
             4.47213595499957961010            -0.00100000000000000002            -0.00100000000000000002             1.24050539156746553182           453.92179943245798767748
             4.47213595499957961010            -0.00100000000000000002            -0.00100000000000000002             1.23603325561246601971           458.39393538745758860387
             4.47213595499957961010            -0.00100000000000000002            -0.00100000000000000002             1.23156111965746650760           462.86607134245718953025
             4.47213595499957961010            -0.00100000000000000002            -0.00100000000000000002             1.22708898370246699550           467.33820729745679045664
             4.47213595499957961010            -0.00100000000000000002            -0.00100000000000000002             1.22261684774746748339           471.81034325245639138302
             4.47213595499957961010            -0.00100000000000000002            -0.00100000000000000002             1.21814471179246797128           476.28247920745599230941
             4.47213595499957961010            -0.00100000000000000002            -0.00100000000000000002             1.21367257583746845917           480.75461516245559323579
             4.47213595499957961010            -0.00100000000000000002            -0.00100000000000000002             1.20920043988246894706           485.22675111745519416218
             4.47213595499957961010            -0.00100000000000000002            -0.00100000000000000002             1.20472830392746943495           489.69888707245479508856
             4.47213595499957961010            -0.00100000000000000002            -0.00100000000000000002             1.20025616797246992284           494.17102302745439601495
             4.47213595499957961010            -0.00100000000000000002            -0.00100000000000000002             1.19578403201747041074           498.64315898245399694133
             4.47213595499957961010            -0.00100000000000000002            -0.00100000000000000002             1.19131189606247089863           503.11529493745359786772
             4.47213595499957961010            -0.00100000000000000002            -0.00100000000000000002             1.18683976010747138652           507.58743089245319879410
             4.47213595499957961010            -0.00100000000000000002            -0.00100000000000000002             1.18236762415247187441           512.05956684745274287707
             4.47213595499957961010            -0.00100000000000000002            -0.00100000000000000002             1.17789548819747236230           516.53170280245228696003
             4.47213595499957961010            -0.00100000000000000002            -0.00100000000000000002             1.17342335224247285019           521.00383875745183104300
             4.47213595499957961010            -0.00100000000000000002            -0.00100000000000000002             1.16895121628747333808           525.47597471245137512597
             4.47213595499957961010            -0.00100000000000000002            -0.00100000000000000002             1.16447908033247382598           529.94811066745091920893
             4.47213595499957961010            -0.00100000000000000002            -0.00100000000000000002             1.16000694437747431387           534.42024662245046329190
             4.47213595499957961010            -0.00100000000000000002            -0.00100000000000000002             1.15553480842247480176           538.89238257745000737486
             4.47213595499957961010            -0.00100000000000000002            -0.00100000000000000002             1.15106267246747528965           543.36451853244955145783
             4.47213595499957961010            -0.00100000000000000002            -0.00100000000000000002             1.14659053651247577754           547.83665448744909554080
             4.47213595499957961010            -0.00100000000000000002            -0.00100000000000000002             1.14211840055747626543           552.30879044244863962376
             4.47213595499957961010            -0.00100000000000000002            -0.00100000000000000002             1.13764626460247675332           556.78092639744818370673
             4.47213595499957961010            -0.00100000000000000002            -0.00100000000000000002             1.13317412864747724122           561.25306235244772778969
             4.47213595499957961010            -0.00100000000000000002            -0.00100000000000000002             1.12870199269247772911           565.72519830744727187266
             4.47213595499957961010            -0.00100000000000000002            -0.00100000000000000002             1.12422985673747821700           570.19733426244681595563
             4.47213595499957961010            -0.00100000000000000002            -0.00100000000000000002             1.11975772078247870489           574.66947021744636003859
             4.47213595499957961010            -0.00100000000000000002            -0.00100000000000000002             1.11528558482747919278           579.14160617244590412156
             4.47213595499957961010            -0.00100000000000000002            -0.00100000000000000002             1.11081344887247968067           583.61374212744544820453
             4.47213595499957961010            -0.00100000000000000002            -0.00100000000000000002             1.10634131291748016857           588.08587808244499228749
             4.47213595499957961010            -0.00100000000000000002            -0.00100000000000000002             1.10186917696248065646           592.55801403744453637046
             4.47213595499957961010            -0.00100000000000000002            -0.00100000000000000002             1.09739704100748114435           597.03014999244408045342
             4.47213595499957961010            -0.00100000000000000002            -0.00100000000000000002             1.09292490505248163224           601.50228594744362453639
             4.47213595499957961010            -0.00100000000000000002            -0.00100000000000000002             1.08845276909748212013           605.97442190244316861936
             4.47213595499957961010            -0.00100000000000000002            -0.00100000000000000002             1.08398063314248260802           610.44655785744271270232
             4.47213595499957961010            -0.00100000000000000002            -0.00100000000000000002             1.07950849718748309591           614.91869381244225678529
             4.47213595499957961010            -0.00100000000000000002            -0.00100000000000000002             1.07503636123248358381           619.39082976744180086826
             4.47213595499957961010            -0.00100000000000000002            -0.00100000000000000002             1.07056422527748407170           623.86296572244134495122
             4.47213595499957961010            -0.00100000000000000002            -0.00100000000000000002             1.06609208932248455959           628.33510167744088903419
             4.47213595499957961010            -0.00100000000000000002            -0.00100000000000000002             1.06161995336748504748           632.80723763244043311715
             4.47213595499957961010            -0.00100000000000000002            -0.00100000000000000002             1.05714781741248553537           637.27937358743997720012
             4.47213595499957961010            -0.00100000000000000002            -0.00100000000000000002             1.05267568145748602326           641.75150954243952128309
             4.47213595499957961010            -0.00100000000000000002            -0.00100000000000000002             1.04820354550248651115           646.22364549743906536605
             4.47213595499957961010            -0.00100000000000000002            -0.00100000000000000002             1.04373140954748699905           650.69578145243860944902
             4.47213595499957961010            -0.00100000000000000002            -0.00100000000000000002             1.03925927359248748694           655.16791740743815353198
             4.47213595499957961010            -0.00100000000000000002            -0.00100000000000000002             1.03478713763748797483           659.64005336243769761495
             4.47213595499957961010            -0.00100000000000000002            -0.00100000000000000002             1.03031500168248846272           664.11218931743724169792
             4.47213595499957961010            -0.00100000000000000002            -0.00100000000000000002             1.02584286572748895061           668.58432527243678578088
             4.47213595499957961010            -0.00100000000000000002            -0.00100000000000000002             1.02137072977248943850           673.05646122743632986385
             4.47213595499957961010            -0.00100000000000000002            -0.00100000000000000002             1.01689859381748992639           677.52859718243587394682
             4.47213595499957961010            -0.00100000000000000002            -0.00100000000000000002             1.01242645786249041429           682.00073313743541802978
             4.47213595499957961010            -0.00100000000000000002            -0.00100000000000000002             1.00795432190749090218           686.47286909243496211275
             4.47213595499957961010            -0.00100000000000000002            -0.00100000000000000002             1.00348218595249139007           690.94500504743450619571
             4.47213595499957961010            -0.00100000000000000002            -0.00100000000000000002             0.99901004999749176694           695.41714100243405027868
             4.47213595499957961010            -0.00100000000000000002            -0.00100000000000000002             0.99453791404249214381           699.88927695743359436165
             4.47213595499957961010            -0.00100000000000000002            -0.00100000000000000002             0.99006577808749252068           704.36141291243313844461
             4.47213595499957961010            -0.00100000000000000002            -0.00100000000000000002             0.98559364213249289755           708.83354886743268252758
             4.47213595499957961010            -0.00100000000000000002            -0.00100000000000000002             0.98112150617749327441           713.30568482243222661054
             4.47213595499957961010            -0.00100000000000000002            -0.00100000000000000002             0.97664937022249365128           717.77782077743177069351
             4.47213595499957961010            -0.00100000000000000002            -0.00100000000000000002             0.97217723426749402815           722.24995673243131477648
             4.47213595499957961010            -0.00100000000000000002            -0.00100000000000000002             0.96770509831249440502           726.72209268743085885944
             4.47213595499957961010            -0.00100000000000000002            -0.00100000000000000002             0.96323296235749478189           731.19422864243040294241
             4.47213595499957961010            -0.00100000000000000002            -0.00100000000000000002             0.95876082640249515876           735.66636459742994702538
             4.47213595499957961010            -0.00100000000000000002            -0.00100000000000000002             0.95428869044749553563           740.13850055242949110834
             4.47213595499957961010            -0.00100000000000000002            -0.00100000000000000002             0.94981655449249591250           744.61063650742903519131
             4.47213595499957961010            -0.00100000000000000002            -0.00100000000000000002             0.94534441853749628937           749.08277246242857927427
             4.47213595499957961010            -0.00100000000000000002            -0.00100000000000000002             0.94087228258249666624           753.55490841742812335724
             4.47213595499957961010            -0.00100000000000000002            -0.00100000000000000002             0.93640014662749704311           758.02704437242766744021
             4.47213595499957961010            -0.00100000000000000002            -0.00100000000000000002             0.93192801067249741998           762.49918032742721152317
             4.47213595499957961010            -0.00100000000000000002            -0.00100000000000000002             0.92745587471749779684           766.97131628242675560614
             4.47213595499957961010            -0.00100000000000000002            -0.00100000000000000002             0.92298373876249817371           771.44345223742629968910
             4.47213595499957961010            -0.00100000000000000002            -0.00100000000000000002             0.91851160280749855058           775.91558819242584377207
             4.47213595499957961010            -0.00100000000000000002            -0.00100000000000000002             0.91403946685249892745           780.38772414742538785504
             4.47213595499957961010            -0.00100000000000000002            -0.00100000000000000002             0.90956733089749930432           784.85986010242493193800
             4.47213595499957961010            -0.00100000000000000002            -0.00100000000000000002             0.90509519494249968119           789.33199605742447602097
             4.47213595499957961010            -0.00100000000000000002            -0.00100000000000000002             0.90062305898750005806           793.80413201242402010394
             4.47213595499957961010            -0.00100000000000000002            -0.00100000000000000002             0.89615092303250043493           798.27626796742356418690
             4.47213595499957961010            -0.00100000000000000002            -0.00100000000000000002             0.89167878707750081180           802.74840392242310826987
             4.47213595499957961010            -0.00100000000000000002            -0.00100000000000000002             0.88720665112250118867           807.22053987742265235283
             4.47213595499957961010            -0.00100000000000000002            -0.00100000000000000002             0.88273451516750156554           811.69267583242219643580
             4.47213595499957961010            -0.00100000000000000002            -0.00100000000000000002             0.87826237921250194240           816.16481178742174051877
             4.47213595499957961010            -0.00100000000000000002            -0.00100000000000000002             0.87379024325750231927           820.63694774242128460173
             4.47213595499957961010            -0.00100000000000000002            -0.00100000000000000002             0.86931810730250269614           825.10908369742082868470
             4.47213595499957961010            -0.00100000000000000002            -0.00100000000000000002             0.86484597134750307301           829.58121965242037276766
             4.47213595499957961010            -0.00100000000000000002            -0.00100000000000000002             0.86037383539250344988           834.05335560741991685063
             4.47213595499957961010            -0.00100000000000000002            -0.00100000000000000002             0.85590169943750382675           838.52549156241946093360
             4.47213595499957961010            -0.00100000000000000002            -0.00100000000000000002             0.85142956348250420362           842.99762751741900501656
             4.47213595499957961010            -0.00100000000000000002            -0.00100000000000000002             0.84695742752750458049           847.46976347241854909953
             4.47213595499957961010            -0.00100000000000000002            -0.00100000000000000002             0.84248529157250495736           851.94189942741809318250
             4.47213595499957961010            -0.00100000000000000002            -0.00100000000000000002             0.83801315561750533423           856.41403538241763726546
             4.47213595499957961010            -0.00100000000000000002            -0.00100000000000000002             0.83354101966250571110           860.88617133741718134843
             4.47213595499957961010            -0.00100000000000000002            -0.00100000000000000002             0.82906888370750608797           865.35830729241672543139
             4.47213595499957961010            -0.00100000000000000002            -0.00100000000000000002             0.82459674775250646483           869.83044324741626951436
             4.47213595499957961010            -0.00100000000000000002            -0.00100000000000000002             0.82012461179750684170           874.30257920241581359733
             4.47213595499957961010            -0.00100000000000000002            -0.00100000000000000002             0.81565247584250721857           878.77471515741535768029
             4.47213595499957961010            -0.00100000000000000002            -0.00100000000000000002             0.81118033988750759544           883.24685111241490176326
             4.47213595499957961010            -0.00100000000000000002            -0.00100000000000000002             0.80670820393250797231           887.71898706741444584623
             4.47213595499957961010            -0.00100000000000000002            -0.00100000000000000002             0.80223606797750834918           892.19112302241398992919
             0.00000000000000000000
           5           2           4          -1           1          -1           0         100          -1          -1           1          -1          -1           1             0.00000000000000000000             2.50000000000000000000             4.00000000000000000000             0.00000000000000000000             4.00000000000000000000             0.00000000000000000000
             4.00000000000000000000            -0.00100000000000000002            -0.00100000000000000002             1.19799999999999973177           402.00000000000000000000
             4.00000000000000000000            -0.00100000000000000002            -0.00100000000000000002             1.19399999999999972822           406.00000000000000000000
             4.00000000000000000000            -0.00100000000000000002            -0.00100000000000000002             1.18999999999999972466           410.00000000000000000000
             4.00000000000000000000            -0.00100000000000000002            -0.00100000000000000002             1.18599999999999972111           414.00000000000000000000
             4.00000000000000000000            -0.00100000000000000002            -0.00100000000000000002             1.18199999999999971756           418.00000000000000000000
             4.00000000000000000000            -0.00100000000000000002            -0.00100000000000000002             1.17799999999999971401           422.00000000000000000000
             4.00000000000000000000            -0.00100000000000000002            -0.00100000000000000002             1.17399999999999971045           426.00000000000000000000
             4.00000000000000000000            -0.00100000000000000002            -0.00100000000000000002             1.16999999999999970690           430.00000000000000000000
             4.00000000000000000000            -0.00100000000000000002            -0.00100000000000000002             1.16599999999999970335           434.00000000000000000000
             4.00000000000000000000            -0.00100000000000000002            -0.00100000000000000002             1.16199999999999969980           438.00000000000000000000
             4.00000000000000000000            -0.00100000000000000002            -0.00100000000000000002             1.15799999999999969624           442.00000000000000000000
             4.00000000000000000000            -0.00100000000000000002            -0.00100000000000000002             1.15399999999999969269           446.00000000000000000000
             4.00000000000000000000            -0.00100000000000000002            -0.00100000000000000002             1.14999999999999968914           450.00000000000000000000
             4.00000000000000000000            -0.00100000000000000002            -0.00100000000000000002             1.14599999999999968558           454.00000000000000000000
             4.00000000000000000000            -0.00100000000000000002            -0.00100000000000000002             1.14199999999999968203           458.00000000000000000000
             4.00000000000000000000            -0.00100000000000000002            -0.00100000000000000002             1.13799999999999967848           462.00000000000000000000
             4.00000000000000000000            -0.00100000000000000002            -0.00100000000000000002             1.13399999999999967493           466.00000000000000000000
             4.00000000000000000000            -0.00100000000000000002            -0.00100000000000000002             1.12999999999999967137           470.00000000000000000000
             4.00000000000000000000            -0.00100000000000000002            -0.00100000000000000002             1.12599999999999966782           474.00000000000000000000
             4.00000000000000000000            -0.00100000000000000002            -0.00100000000000000002             1.12199999999999966427           478.00000000000000000000
             4.00000000000000000000            -0.00100000000000000002            -0.00100000000000000002             1.11799999999999966072           482.00000000000000000000
             4.00000000000000000000            -0.00100000000000000002            -0.00100000000000000002             1.11399999999999965716           486.00000000000000000000
             4.00000000000000000000            -0.00100000000000000002            -0.00100000000000000002             1.10999999999999965361           490.00000000000000000000
             4.00000000000000000000            -0.00100000000000000002            -0.00100000000000000002             1.10599999999999965006           494.00000000000000000000
             4.00000000000000000000            -0.00100000000000000002            -0.00100000000000000002             1.10199999999999964650           498.00000000000000000000
             4.00000000000000000000            -0.00100000000000000002            -0.00100000000000000002             1.09799999999999964295           502.00000000000000000000
             4.00000000000000000000            -0.00100000000000000002            -0.00100000000000000002             1.09399999999999963940           506.00000000000000000000
             4.00000000000000000000            -0.00100000000000000002            -0.00100000000000000002             1.08999999999999963585           510.00000000000000000000
             4.00000000000000000000            -0.00100000000000000002            -0.00100000000000000002             1.08599999999999963229           514.00000000000000000000
             4.00000000000000000000            -0.00100000000000000002            -0.00100000000000000002             1.08199999999999962874           518.00000000000000000000
             4.00000000000000000000            -0.00100000000000000002            -0.00100000000000000002             1.07799999999999962519           522.00000000000000000000
             4.00000000000000000000            -0.00100000000000000002            -0.00100000000000000002             1.07399999999999962164           526.00000000000000000000
             4.00000000000000000000            -0.00100000000000000002            -0.00100000000000000002             1.06999999999999961808           530.00000000000000000000
             4.00000000000000000000            -0.00100000000000000002            -0.00100000000000000002             1.06599999999999961453           534.00000000000000000000
             4.00000000000000000000            -0.00100000000000000002            -0.00100000000000000002             1.06199999999999961098           538.00000000000000000000
             4.00000000000000000000            -0.00100000000000000002            -0.00100000000000000002             1.05799999999999960743           542.00000000000000000000
             4.00000000000000000000            -0.00100000000000000002            -0.00100000000000000002             1.05399999999999960387           546.00000000000000000000
             4.00000000000000000000            -0.00100000000000000002            -0.00100000000000000002             1.04999999999999960032           550.00000000000000000000
             4.00000000000000000000            -0.00100000000000000002            -0.00100000000000000002             1.04599999999999959677           554.00000000000000000000
             4.00000000000000000000            -0.00100000000000000002            -0.00100000000000000002             1.04199999999999959321           558.00000000000000000000
             4.00000000000000000000            -0.00100000000000000002            -0.00100000000000000002             1.03799999999999958966           562.00000000000000000000
             4.00000000000000000000            -0.00100000000000000002            -0.00100000000000000002             1.03399999999999958611           566.00000000000000000000
             4.00000000000000000000            -0.00100000000000000002            -0.00100000000000000002             1.02999999999999958256           570.00000000000000000000
             4.00000000000000000000            -0.00100000000000000002            -0.00100000000000000002             1.02599999999999957900           574.00000000000000000000
             4.00000000000000000000            -0.00100000000000000002            -0.00100000000000000002             1.02199999999999957545           578.00000000000000000000
             4.00000000000000000000            -0.00100000000000000002            -0.00100000000000000002             1.01799999999999957190           582.00000000000000000000
             4.00000000000000000000            -0.00100000000000000002            -0.00100000000000000002             1.01399999999999956835           586.00000000000000000000
             4.00000000000000000000            -0.00100000000000000002            -0.00100000000000000002             1.00999999999999956479           590.00000000000000000000
             4.00000000000000000000            -0.00100000000000000002            -0.00100000000000000002             1.00599999999999956124           594.00000000000000000000
             4.00000000000000000000            -0.00100000000000000002            -0.00100000000000000002             1.00199999999999955769           598.00000000000000000000
             4.00000000000000000000            -0.00100000000000000002            -0.00100000000000000002             0.99799999999999955413           602.00000000000000000000
             4.00000000000000000000            -0.00100000000000000002            -0.00100000000000000002             0.99399999999999955058           606.00000000000000000000
             4.00000000000000000000            -0.00100000000000000002            -0.00100000000000000002             0.98999999999999954703           610.00000000000000000000
             4.00000000000000000000            -0.00100000000000000002            -0.00100000000000000002             0.98599999999999954348           614.00000000000000000000
             4.00000000000000000000            -0.00100000000000000002            -0.00100000000000000002             0.98199999999999953992           618.00000000000000000000
             4.00000000000000000000            -0.00100000000000000002            -0.00100000000000000002             0.97799999999999953637           622.00000000000000000000
             4.00000000000000000000            -0.00100000000000000002            -0.00100000000000000002             0.97399999999999953282           626.00000000000000000000
             4.00000000000000000000            -0.00100000000000000002            -0.00100000000000000002             0.96999999999999952927           630.00000000000000000000
             4.00000000000000000000            -0.00100000000000000002            -0.00100000000000000002             0.96599999999999952571           634.00000000000000000000
             4.00000000000000000000            -0.00100000000000000002            -0.00100000000000000002             0.96199999999999952216           638.00000000000000000000
             4.00000000000000000000            -0.00100000000000000002            -0.00100000000000000002             0.95799999999999951861           642.00000000000000000000
             4.00000000000000000000            -0.00100000000000000002            -0.00100000000000000002             0.95399999999999951505           646.00000000000000000000
             4.00000000000000000000            -0.00100000000000000002            -0.00100000000000000002             0.94999999999999951150           650.00000000000000000000
             4.00000000000000000000            -0.00100000000000000002            -0.00100000000000000002             0.94599999999999950795           654.00000000000000000000
             4.00000000000000000000            -0.00100000000000000002            -0.00100000000000000002             0.94199999999999950440           658.00000000000000000000
             4.00000000000000000000            -0.00100000000000000002            -0.00100000000000000002             0.93799999999999950084           662.00000000000000000000
             4.00000000000000000000            -0.00100000000000000002            -0.00100000000000000002             0.93399999999999949729           666.00000000000000000000
             4.00000000000000000000            -0.00100000000000000002            -0.00100000000000000002             0.92999999999999949374           670.00000000000000000000
             4.00000000000000000000            -0.00100000000000000002            -0.00100000000000000002             0.92599999999999949019           674.00000000000000000000
             4.00000000000000000000            -0.00100000000000000002            -0.00100000000000000002             0.92199999999999948663           678.00000000000000000000
             4.00000000000000000000            -0.00100000000000000002            -0.00100000000000000002             0.91799999999999948308           682.00000000000000000000
             4.00000000000000000000            -0.00100000000000000002            -0.00100000000000000002             0.91399999999999947953           686.00000000000000000000
             4.00000000000000000000            -0.00100000000000000002            -0.00100000000000000002             0.90999999999999947597           690.00000000000000000000
             4.00000000000000000000            -0.00100000000000000002            -0.00100000000000000002             0.90599999999999947242           694.00000000000000000000
             4.00000000000000000000            -0.00100000000000000002            -0.00100000000000000002             0.90199999999999946887           698.00000000000000000000
             4.00000000000000000000            -0.00100000000000000002            -0.00100000000000000002             0.89799999999999946532           702.00000000000000000000
             4.00000000000000000000            -0.00100000000000000002            -0.00100000000000000002             0.89399999999999946176           706.00000000000000000000
             4.00000000000000000000            -0.00100000000000000002            -0.00100000000000000002             0.88999999999999945821           710.00000000000000000000
             4.00000000000000000000            -0.00100000000000000002            -0.00100000000000000002             0.88599999999999945466           714.00000000000000000000
             4.00000000000000000000            -0.00100000000000000002            -0.00100000000000000002             0.88199999999999945111           718.00000000000000000000
             4.00000000000000000000            -0.00100000000000000002            -0.00100000000000000002             0.87799999999999944755           722.00000000000000000000
             4.00000000000000000000            -0.00100000000000000002            -0.00100000000000000002             0.87399999999999944400           726.00000000000000000000
             4.00000000000000000000            -0.00100000000000000002            -0.00100000000000000002             0.86999999999999944045           730.00000000000000000000
             4.00000000000000000000            -0.00100000000000000002            -0.00100000000000000002             0.86599999999999943689           734.00000000000000000000
             4.00000000000000000000            -0.00100000000000000002            -0.00100000000000000002             0.86199999999999943334           738.00000000000000000000
             4.00000000000000000000            -0.00100000000000000002            -0.00100000000000000002             0.85799999999999942979           742.00000000000000000000
             4.00000000000000000000            -0.00100000000000000002            -0.00100000000000000002             0.85399999999999942624           746.00000000000000000000
             4.00000000000000000000            -0.00100000000000000002            -0.00100000000000000002             0.84999999999999942268           750.00000000000000000000
             4.00000000000000000000            -0.00100000000000000002            -0.00100000000000000002             0.84599999999999941913           754.00000000000000000000
             4.00000000000000000000            -0.00100000000000000002            -0.00100000000000000002             0.84199999999999941558           758.00000000000000000000
             4.00000000000000000000            -0.00100000000000000002            -0.00100000000000000002             0.83799999999999941203           762.00000000000000000000
             4.00000000000000000000            -0.00100000000000000002            -0.00100000000000000002             0.83399999999999940847           766.00000000000000000000
             4.00000000000000000000            -0.00100000000000000002            -0.00100000000000000002             0.82999999999999940492           770.00000000000000000000
             4.00000000000000000000            -0.00100000000000000002            -0.00100000000000000002             0.82599999999999940137           774.00000000000000000000
             4.00000000000000000000            -0.00100000000000000002            -0.00100000000000000002             0.82199999999999939782           778.00000000000000000000
             4.00000000000000000000            -0.00100000000000000002            -0.00100000000000000002             0.81799999999999939426           782.00000000000000000000
             4.00000000000000000000            -0.00100000000000000002            -0.00100000000000000002             0.81399999999999939071           786.00000000000000000000
             4.00000000000000000000            -0.00100000000000000002            -0.00100000000000000002             0.80999999999999938716           790.00000000000000000000
             4.00000000000000000000            -0.00100000000000000002            -0.00100000000000000002             0.80599999999999938360           794.00000000000000000000
             4.00000000000000000000            -0.00100000000000000002            -0.00100000000000000002             0.80199999999999938005           798.00000000000000000000
             0.00000000000000000000
