                    323                      3                      2                     15
                      3                      3                      5                      3                      5
           4          -1          -1           2           1           1           0         135          -1          -1          15          -1          -1           3             0.00000000000000000000             1.00000000000000000000             4.08550584685560824738             8.00000000000000000000             4.00000000000000000000             0.00000000000000000000
             4.08550584685560824738            -0.00100000000000000002            -0.00100000000000000002             3.75560226695474375092             2.04275292342780412369
             4.08550584685560824738            -0.00100000000000000002            -0.00100000000000000002             3.75151676110788834251             6.12825877028341281516
             4.08550584685560824738            -0.00100000000000000002            -0.00100000000000000002             3.74743125526103293410            10.21376461713902017436
             4.08550584685560824738            -0.00100000000000000002            -0.00100000000000000002             3.74334574941417752569            14.29927046399462753357
             4.08550584685560824738            -0.00100000000000000002            -0.00100000000000000002             3.73926024356732211729            18.38477631085023489277
             4.08550584685560824738            -0.00100000000000000002            -0.00100000000000000002             3.73517473772046670888            22.47028215770584225197
             4.08550584685560824738            -0.00100000000000000002            -0.00100000000000000002             3.73108923187361130047            26.55578800456144961117
             4.08550584685560824738            -0.00100000000000000002            -0.00100000000000000002             3.72700372602675589206            30.64129385141705697038
             4.08550584685560824738            -0.00100000000000000002            -0.00100000000000000002             3.72291822017990048366            34.72679969827266432958
             4.08550584685560824738            -0.00100000000000000002            -0.00100000000000000002             3.71883271433304507525            38.81230554512827524150
             4.08550584685560824738            -0.00100000000000000002            -0.00100000000000000002             3.71474720848618966684            42.89781139198388615341
             4.08550584685560824738            -0.00100000000000000002            -0.00100000000000000002             3.71066170263933425844            46.98331723883949706533
             4.08550584685560824738            -0.00100000000000000002            -0.00100000000000000002             3.70657619679247885003            51.06882308569510797724
             4.08550584685560824738            -0.00100000000000000002            -0.00100000000000000002             3.70249069094562344162            55.15432893255071888916
             4.08550584685560824738            -0.00100000000000000002            -0.00100000000000000002             3.69840518509876803321            59.23983477940632980108
             4.08550584685560824738            -0.00100000000000000002            -0.00100000000000000002             3.69431967925191262481            63.32534062626194071299
             4.08550584685560824738            -0.00100000000000000002            -0.00100000000000000002             3.69023417340505721640            67.41084647311754451948
             4.08550584685560824738            -0.00100000000000000002            -0.00100000000000000002             3.68614866755820180799            71.49635231997315543140
             4.08550584685560824738            -0.00100000000000000002            -0.00100000000000000002             3.68206316171134639958            75.58185816682876634331
             4.08550584685560824738            -0.00100000000000000002            -0.00100000000000000002             3.67797765586449099118            79.66736401368437725523
             4.08550584685560824738            -0.00100000000000000002            -0.00100000000000000002             3.67389215001763558277            83.75286986053998816715
             4.08550584685560824738            -0.00100000000000000002            -0.00100000000000000002             3.66980664417078017436            87.83837570739559907906
             4.08550584685560824738            -0.00100000000000000002            -0.00100000000000000002             3.66572113832392476596            91.92388155425120999098
             4.08550584685560824738            -0.00100000000000000002            -0.00100000000000000002             3.66163563247706935755            96.00938740110682090290
             4.08550584685560824738            -0.00100000000000000002            -0.00100000000000000002             3.65755012663021394914           100.09489324796243181481
             4.08550584685560824738            -0.00100000000000000002            -0.00100000000000000002             3.65346462078335854073           104.18039909481804272673
             4.08550584685560824738            -0.00100000000000000002            -0.00100000000000000002             3.64937911493650313233           108.26590494167365363865
             4.08550584685560824738            -0.00100000000000000002            -0.00100000000000000002             3.64529360908964772392           112.35141078852926455056
             4.08550584685560824738            -0.00100000000000000002            -0.00100000000000000002             3.64120810324279231551           116.43691663538487546248
             4.08550584685560824738            -0.00100000000000000002            -0.00100000000000000002             3.63712259739593690711           120.52242248224048637439
             4.08550584685560824738            -0.00100000000000000002            -0.00100000000000000002             3.63303709154908149870           124.60792832909609728631
             4.08550584685560824738            -0.00100000000000000002            -0.00100000000000000002             3.62895158570222609029           128.69343417595169398737
             4.08550584685560824738            -0.00100000000000000002            -0.00100000000000000002             3.62486607985537068188           132.77894002280729068843
             4.08550584685560824738            -0.00100000000000000002            -0.00100000000000000002             3.62078057400851527348           136.86444586966288738950
             4.08550584685560824738            -0.00100000000000000002            -0.00100000000000000002             3.61669506816165986507           140.94995171651848409056
             4.08550584685560824738            -0.00100000000000000002            -0.00100000000000000002             3.61260956231480445666           145.03545756337408079162
             4.08550584685560824738            -0.00100000000000000002            -0.00100000000000000002             3.60852405646794904825           149.12096341022967749268
             4.08550584685560824738            -0.00100000000000000002            -0.00100000000000000002             3.60443855062109363985           153.20646925708527419374
             4.08550584685560824738            -0.00100000000000000002            -0.00100000000000000002             3.60035304477423823144           157.29197510394087089480
             4.08550584685560824738            -0.00100000000000000002            -0.00100000000000000002             3.59626753892738282303           161.37748095079646759586
             4.08550584685560824738            -0.00100000000000000002            -0.00100000000000000002             3.59218203308052741463           165.46298679765206429693
             4.08550584685560824738            -0.00100000000000000002            -0.00100000000000000002             3.58809652723367200622           169.54849264450766099799
             4.08550584685560824738            -0.00100000000000000002            -0.00100000000000000002             3.58401102138681659781           173.63399849136325769905
             4.08550584685560824738            -0.00100000000000000002            -0.00100000000000000002             3.57992551553996118940           177.71950433821885440011
             4.08550584685560824738            -0.00100000000000000002            -0.00100000000000000002             3.57584000969310578100           181.80501018507445110117
             4.08550584685560824738            -0.00100000000000000002            -0.00100000000000000002             3.57175450384625037259           185.89051603193004780223
             4.08550584685560824738            -0.00100000000000000002            -0.00100000000000000002             3.56766899799939496418           189.97602187878564450330
             4.08550584685560824738            -0.00100000000000000002            -0.00100000000000000002             3.56358349215253955578           194.06152772564124120436
             4.08550584685560824738            -0.00100000000000000002            -0.00100000000000000002             3.55949798630568414737           198.14703357249683790542
             4.08550584685560824738            -0.00100000000000000002            -0.00100000000000000002             3.55541248045882873896           202.23253941935243460648
             4.08550584685560824738            -0.00100000000000000002            -0.00100000000000000002             3.55132697461197333055           206.31804526620803130754
             4.08550584685560824738            -0.00100000000000000002            -0.00100000000000000002             3.54724146876511792215           210.40355111306362800860
             4.08550584685560824738            -0.00100000000000000002            -0.00100000000000000002             3.54315596291826251374           214.48905695991922470967
             4.08550584685560824738            -0.00100000000000000002            -0.00100000000000000002             3.53907045707140710533           218.57456280677482141073
             4.08550584685560824738            -0.00100000000000000002            -0.00100000000000000002             3.53498495122455169692           222.66006865363041811179
             4.08550584685560824738            -0.00100000000000000002            -0.00100000000000000002             3.53089944537769628852           226.74557450048601481285
             4.08550584685560824738            -0.00100000000000000002            -0.00100000000000000002             3.52681393953084088011           230.83108034734161151391
             4.08550584685560824738            -0.00100000000000000002            -0.00100000000000000002             3.52272843368398547170           234.91658619419720821497
             4.08550584685560824738            -0.00100000000000000002            -0.00100000000000000002             3.51864292783713006330           239.00209204105280491603
             4.08550584685560824738            -0.00100000000000000002            -0.00100000000000000002             3.51455742199027465489           243.08759788790840161710
             4.08550584685560824738            -0.00100000000000000002            -0.00100000000000000002             3.51047191614341924648           247.17310373476399831816
             4.08550584685560824738            -0.00100000000000000002            -0.00100000000000000002             3.50638641029656383807           251.25860958161959501922
             4.08550584685560824738            -0.00100000000000000002            -0.00100000000000000002             3.50230090444970842967           255.34411542847519172028
             4.08550584685560824738            -0.00100000000000000002            -0.00100000000000000002             3.49821539860285302126           259.42962127533081684305
             4.08550584685560824738            -0.00100000000000000002            -0.00100000000000000002             3.49412989275599761285           263.51512712218641354411
             4.08550584685560824738            -0.00100000000000000002            -0.00100000000000000002             3.49004438690914220444           267.60063296904201024518
             4.08550584685560824738            -0.00100000000000000002            -0.00100000000000000002             3.48595888106228679604           271.68613881589760694624
             4.08550584685560824738            -0.00100000000000000002            -0.00100000000000000002             3.48187337521543138763           275.77164466275320364730
             4.08550584685560824738            -0.00100000000000000002            -0.00100000000000000002             3.47778786936857597922           279.85715050960880034836
             4.08550584685560824738            -0.00100000000000000002            -0.00100000000000000002             3.47370236352172057082           283.94265635646439704942
             4.08550584685560824738            -0.00100000000000000002            -0.00100000000000000002             3.46961685767486516241           288.02816220331999375048
             4.08550584685560824738            -0.00100000000000000002            -0.00100000000000000002             3.46553135182800975400           292.11366805017559045154
             4.08550584685560824738            -0.00100000000000000002            -0.00100000000000000002             3.46144584598115434559           296.19917389703118715261
             4.08550584685560824738            -0.00100000000000000002            -0.00100000000000000002             3.45736034013429893719           300.28467974388678385367
             4.08550584685560824738            -0.00100000000000000002            -0.00100000000000000002             3.45327483428744352878           304.37018559074238055473
             4.08550584685560824738            -0.00100000000000000002            -0.00100000000000000002             3.44918932844058812037           308.45569143759797725579
             4.08550584685560824738            -0.00100000000000000002            -0.00100000000000000002             3.44510382259373271197           312.54119728445357395685
             4.08550584685560824738            -0.00100000000000000002            -0.00100000000000000002             3.44101831674687730356           316.62670313130917065791
             4.08550584685560824738            -0.00100000000000000002            -0.00100000000000000002             3.43693281090002189515           320.71220897816476735898
             4.08550584685560824738            -0.00100000000000000002            -0.00100000000000000002             3.43284730505316648674           324.79771482502036406004
             4.08550584685560824738            -0.00100000000000000002            -0.00100000000000000002             3.42876179920631107834           328.88322067187596076110
             4.08550584685560824738            -0.00100000000000000002            -0.00100000000000000002             3.42467629335945566993           332.96872651873155746216
             4.08550584685560824738            -0.00100000000000000002            -0.00100000000000000002             3.42059078751260026152           337.05423236558715416322
             4.08550584685560824738            -0.00100000000000000002            -0.00100000000000000002             3.41650528166574485311           341.13973821244275086428
             4.08550584685560824738            -0.00100000000000000002            -0.00100000000000000002             3.41241977581888944471           345.22524405929834756535
             4.08550584685560824738            -0.00100000000000000002            -0.00100000000000000002             3.40833426997203403630           349.31074990615394426641
             4.08550584685560824738            -0.00100000000000000002            -0.00100000000000000002             3.40424876412517862789           353.39625575300954096747
             4.08550584685560824738            -0.00100000000000000002            -0.00100000000000000002             3.40016325827832321949           357.48176159986513766853
             4.08550584685560824738            -0.00100000000000000002            -0.00100000000000000002             3.39607775243146781108           361.56726744672073436959
             4.08550584685560824738            -0.00100000000000000002            -0.00100000000000000002             3.39199224658461240267           365.65277329357633107065
             4.08550584685560824738            -0.00100000000000000002            -0.00100000000000000002             3.38790674073775699426           369.73827914043192777171
             4.08550584685560824738            -0.00100000000000000002            -0.00100000000000000002             3.38382123489090158586           373.82378498728752447278
             4.08550584685560824738            -0.00100000000000000002            -0.00100000000000000002             3.37973572904404617745           377.90929083414312117384
             4.08550584685560824738            -0.00100000000000000002            -0.00100000000000000002             3.37565022319719076904           381.99479668099871787490
             4.08550584685560824738            -0.00100000000000000002            -0.00100000000000000002             3.37156471735033536063           386.08030252785431457596
             4.08550584685560824738            -0.00100000000000000002            -0.00100000000000000002             3.36747921150347995223           390.16580837470991127702
             4.08550584685560824738            -0.00100000000000000002            -0.00100000000000000002             3.36339370565662454382           394.25131422156550797808
             4.08550584685560824738            -0.00100000000000000002            -0.00100000000000000002             3.35930819980976913541           398.33682006842110467915
             4.08550584685560824738            -0.00100000000000000002            -0.00100000000000000002             3.35522269396291372701           402.42232591527670138021
             4.08550584685560824738            -0.00100000000000000002            -0.00100000000000000002             3.35113718811605831860           406.50783176213229808127
             4.08550584685560824738            -0.00100000000000000002            -0.00100000000000000002             3.34705168226920291019           410.59333760898789478233
             4.08550584685560824738            -0.00100000000000000002            -0.00100000000000000002             3.34296617642234750178           414.67884345584349148339
             4.08550584685560824738            -0.00100000000000000002            -0.00100000000000000002             3.33888067057549209338           418.76434930269908818445
             4.08550584685560824738            -0.00100000000000000002            -0.00100000000000000002             3.33479516472863668497           422.84985514955468488552
             4.08550584685560824738            -0.00100000000000000002            -0.00100000000000000002             3.33070965888178127656           426.93536099641028158658
             4.08550584685560824738            -0.00100000000000000002            -0.00100000000000000002             3.32662415303492586816           431.02086684326587828764
             4.08550584685560824738            -0.00100000000000000002            -0.00100000000000000002             3.32253864718807045975           435.10637269012147498870
             4.08550584685560824738            -0.00100000000000000002            -0.00100000000000000002             3.31845314134121505134           439.19187853697707168976
             4.08550584685560824738            -0.00100000000000000002            -0.00100000000000000002             3.31436763549435964293           443.27738438383266839082
             4.08550584685560824738            -0.00100000000000000002            -0.00100000000000000002             3.31028212964750423453           447.36289023068826509189
             4.08550584685560824738            -0.00100000000000000002            -0.00100000000000000002             3.30619662380064882612           451.44839607754386179295
             4.08550584685560824738            -0.00100000000000000002            -0.00100000000000000002             3.30211111795379341771           455.53390192439945849401
             4.08550584685560824738            -0.00100000000000000002            -0.00100000000000000002             3.29802561210693800930           459.61940777125505519507
             4.08550584685560824738            -0.00100000000000000002            -0.00100000000000000002             3.29394010626008260090           463.70491361811065189613
             4.08550584685560824738            -0.00100000000000000002            -0.00100000000000000002             3.28985460041322719249           467.79041946496624859719
             4.08550584685560824738            -0.00100000000000000002            -0.00100000000000000002             3.28576909456637178408           471.87592531182184529825
             4.08550584685560824738            -0.00100000000000000002            -0.00100000000000000002             3.28168358871951637568           475.96143115867744199932
             4.08550584685560824738            -0.00100000000000000002            -0.00100000000000000002             3.27759808287266096727           480.04693700553303870038
             4.08550584685560824738            -0.00100000000000000002            -0.00100000000000000002             3.27351257702580555886           484.13244285238863540144
             4.08550584685560824738            -0.00100000000000000002            -0.00100000000000000002             3.26942707117895015045           488.21794869924423210250
             4.08550584685560824738            -0.00100000000000000002            -0.00100000000000000002             3.26534156533209474205           492.30345454609982880356
             4.08550584685560824738            -0.00100000000000000002            -0.00100000000000000002             3.26125605948523933364           496.38896039295542550462
             4.08550584685560824738            -0.00100000000000000002            -0.00100000000000000002             3.25717055363838392523           500.47446623981102220569
             4.08550584685560824738            -0.00100000000000000002            -0.00100000000000000002             3.25308504779152851683           504.55997208666661890675
             4.08550584685560824738            -0.00100000000000000002            -0.00100000000000000002             3.24899954194467310842           508.64547793352221560781
             4.08550584685560824738            -0.00100000000000000002            -0.00100000000000000002             3.24491403609781770001           512.73098378037786915229
             4.08550584685560824738            -0.00100000000000000002            -0.00100000000000000002             3.24082853025096229160           516.81648962723352269677
             4.08550584685560824738            -0.00100000000000000002            -0.00100000000000000002             3.23674302440410688320           520.90199547408917624125
             4.08550584685560824738            -0.00100000000000000002            -0.00100000000000000002             3.23265751855725147479           524.98750132094482978573
             4.08550584685560824738            -0.00100000000000000002            -0.00100000000000000002             3.22857201271039606638           529.07300716780048333021
             4.08550584685560824738            -0.00100000000000000002            -0.00100000000000000002             3.22448650686354065797           533.15851301465613687469
             4.08550584685560824738            -0.00100000000000000002            -0.00100000000000000002             3.22040100101668524957           537.24401886151179041917
             4.08550584685560824738            -0.00100000000000000002            -0.00100000000000000002             3.21631549516982984116           541.32952470836744396365
             4.08550584685560824738            -0.00100000000000000002            -0.00100000000000000002             3.21222998932297443275           545.41503055522309750813
             4.08550584685560824738            -0.00100000000000000002            -0.00100000000000000002             3.20814448347611902435           549.50053640207875105261
             0.00000000000000000000
          14           2           1          -1           1          -1           0          88          -1          -1          15          -1          -1           3             0.00000000000000000000             1.50000000000000000000             4.04061017820884327278             0.00000000000000000000             4.00000000000000000000             0.00000000000000000000
             4.04061017820884327278            -0.00100000000000000002            -0.00100000000000000002             3.55965512114595350468           353.55339059327411632694
             4.04061017820884327278            -0.00100000000000000002            -0.00100000000000000002             3.55561451096774483460           357.59400077148296759333
             4.04061017820884327278            -0.00100000000000000002            -0.00100000000000000002             3.55157390078953616452           361.63461094969181885972
             4.04061017820884327278            -0.00100000000000000002            -0.00100000000000000002             3.54753329061132749445           365.67522112790067012611
             4.04061017820884327278            -0.00100000000000000002            -0.00100000000000000002             3.54349268043311882437           369.71583130610952139250
             4.04061017820884327278            -0.00100000000000000002            -0.00100000000000000002             3.53945207025491015429           373.75644148431837265889
             4.04061017820884327278            -0.00100000000000000002            -0.00100000000000000002             3.53541146007670148421           377.79705166252722392528
             4.04061017820884327278            -0.00100000000000000002            -0.00100000000000000002             3.53137084989849281413           381.83766184073607519167
             4.04061017820884327278            -0.00100000000000000002            -0.00100000000000000002             3.52733023972028414406           385.87827201894492645806
             4.04061017820884327278            -0.00100000000000000002            -0.00100000000000000002             3.52328962954207547398           389.91888219715377772445
             4.04061017820884327278            -0.00100000000000000002            -0.00100000000000000002             3.51924901936386680390           393.95949237536262899084
             4.04061017820884327278            -0.00100000000000000002            -0.00100000000000000002             3.51520840918565813382           398.00010255357148025723
             4.04061017820884327278            -0.00100000000000000002            -0.00100000000000000002             3.51116779900744946374           402.04071273178033152362
             4.04061017820884327278            -0.00100000000000000002            -0.00100000000000000002             3.50712718882924079367           406.08132290998918279001
             4.04061017820884327278            -0.00100000000000000002            -0.00100000000000000002             3.50308657865103212359           410.12193308819803405640
             4.04061017820884327278            -0.00100000000000000002            -0.00100000000000000002             3.49904596847282345351           414.16254326640688532279
             4.04061017820884327278            -0.00100000000000000002            -0.00100000000000000002             3.49500535829461478343           418.20315344461573658918
             4.04061017820884327278            -0.00100000000000000002            -0.00100000000000000002             3.49096474811640611335           422.24376362282458785558
             4.04061017820884327278            -0.00100000000000000002            -0.00100000000000000002             3.48692413793819744328           426.28437380103343912197
             4.04061017820884327278            -0.00100000000000000002            -0.00100000000000000002             3.48288352775998877320           430.32498397924229038836
             4.04061017820884327278            -0.00100000000000000002            -0.00100000000000000002             3.47884291758178010312           434.36559415745114165475
             4.04061017820884327278            -0.00100000000000000002            -0.00100000000000000002             3.47480230740357143304           438.40620433565999292114
             4.04061017820884327278            -0.00100000000000000002            -0.00100000000000000002             3.47076169722536276296           442.44681451386884418753
             4.04061017820884327278            -0.00100000000000000002            -0.00100000000000000002             3.46672108704715409289           446.48742469207769545392
             4.04061017820884327278            -0.00100000000000000002            -0.00100000000000000002             3.46268047686894542281           450.52803487028654672031
             4.04061017820884327278            -0.00100000000000000002            -0.00100000000000000002             3.45863986669073675273           454.56864504849539798670
             4.04061017820884327278            -0.00100000000000000002            -0.00100000000000000002             3.45459925651252808265           458.60925522670424925309
             4.04061017820884327278            -0.00100000000000000002            -0.00100000000000000002             3.45055864633431941257           462.64986540491310051948
             4.04061017820884327278            -0.00100000000000000002            -0.00100000000000000002             3.44651803615611074250           466.69047558312195178587
             4.04061017820884327278            -0.00100000000000000002            -0.00100000000000000002             3.44247742597790207242           470.73108576133080305226
             4.04061017820884327278            -0.00100000000000000002            -0.00100000000000000002             3.43843681579969340234           474.77169593953965431865
             4.04061017820884327278            -0.00100000000000000002            -0.00100000000000000002             3.43439620562148473226           478.81230611774850558504
             4.04061017820884327278            -0.00100000000000000002            -0.00100000000000000002             3.43035559544327606218           482.85291629595735685143
             4.04061017820884327278            -0.00100000000000000002            -0.00100000000000000002             3.42631498526506739211           486.89352647416620811782
             4.04061017820884327278            -0.00100000000000000002            -0.00100000000000000002             3.42227437508685872203           490.93413665237505938421
             4.04061017820884327278            -0.00100000000000000002            -0.00100000000000000002             3.41823376490865005195           494.97474683058391065060
             4.04061017820884327278            -0.00100000000000000002            -0.00100000000000000002             3.41419315473044138187           499.01535700879276191699
             4.04061017820884327278            -0.00100000000000000002            -0.00100000000000000002             3.41015254455223271179           503.05596718700161318338
             4.04061017820884327278            -0.00100000000000000002            -0.00100000000000000002             3.40611193437402404172           507.09657736521046444977
             4.04061017820884327278            -0.00100000000000000002            -0.00100000000000000002             3.40207132419581537164           511.13718754341931571616
             4.04061017820884327278            -0.00100000000000000002            -0.00100000000000000002             3.39803071401760670156           515.17779772162816698255
             4.04061017820884327278            -0.00100000000000000002            -0.00100000000000000002             3.39399010383939803148           519.21840789983696140553
             4.04061017820884327278            -0.00100000000000000002            -0.00100000000000000002             3.38994949366118936140           523.25901807804575582850
             4.04061017820884327278            -0.00100000000000000002            -0.00100000000000000002             3.38590888348298069133           527.29962825625455025147
             4.04061017820884327278            -0.00100000000000000002            -0.00100000000000000002             3.38186827330477202125           531.34023843446334467444
             4.04061017820884327278            -0.00100000000000000002            -0.00100000000000000002             3.37782766312656335117           535.38084861267213909741
             4.04061017820884327278            -0.00100000000000000002            -0.00100000000000000002             3.37378705294835468109           539.42145879088093352038
             4.04061017820884327278            -0.00100000000000000002            -0.00100000000000000002             3.36974644277014601101           543.46206896908972794336
             4.04061017820884327278            -0.00100000000000000002            -0.00100000000000000002             3.36570583259193734094           547.50267914729852236633
             4.04061017820884327278            -0.00100000000000000002            -0.00100000000000000002             3.36166522241372867086           551.54328932550731678930
             4.04061017820884327278            -0.00100000000000000002            -0.00100000000000000002             3.35762461223552000078           555.58389950371611121227
             4.04061017820884327278            -0.00100000000000000002            -0.00100000000000000002             3.35358400205731133070           559.62450968192490563524
             4.04061017820884327278            -0.00100000000000000002            -0.00100000000000000002             3.34954339187910266062           563.66511986013370005821
             4.04061017820884327278            -0.00100000000000000002            -0.00100000000000000002             3.34550278170089399055           567.70573003834249448118
             4.04061017820884327278            -0.00100000000000000002            -0.00100000000000000002             3.34146217152268532047           571.74634021655128890416
             4.04061017820884327278            -0.00100000000000000002            -0.00100000000000000002             3.33742156134447665039           575.78695039476008332713
             4.04061017820884327278            -0.00100000000000000002            -0.00100000000000000002             3.33338095116626798031           579.82756057296887775010
             4.04061017820884327278            -0.00100000000000000002            -0.00100000000000000002             3.32934034098805931023           583.86817075117767217307
             4.04061017820884327278            -0.00100000000000000002            -0.00100000000000000002             3.32529973080985064016           587.90878092938646659604
             4.04061017820884327278            -0.00100000000000000002            -0.00100000000000000002             3.32125912063164197008           591.94939110759526101901
             4.04061017820884327278            -0.00100000000000000002            -0.00100000000000000002             3.31721851045343330000           595.99000128580405544199
             4.04061017820884327278            -0.00100000000000000002            -0.00100000000000000002             3.31317790027522462992           600.03061146401284986496
             4.04061017820884327278            -0.00100000000000000002            -0.00100000000000000002             3.30913729009701595984           604.07122164222164428793
             4.04061017820884327278            -0.00100000000000000002            -0.00100000000000000002             3.30509667991880728977           608.11183182043043871090
             4.04061017820884327278            -0.00100000000000000002            -0.00100000000000000002             3.30105606974059861969           612.15244199863923313387
             4.04061017820884327278            -0.00100000000000000002            -0.00100000000000000002             3.29701545956238994961           616.19305217684802755684
             4.04061017820884327278            -0.00100000000000000002            -0.00100000000000000002             3.29297484938418127953           620.23366235505682197982
             4.04061017820884327278            -0.00100000000000000002            -0.00100000000000000002             3.28893423920597260945           624.27427253326561640279
             4.04061017820884327278            -0.00100000000000000002            -0.00100000000000000002             3.28489362902776393938           628.31488271147441082576
             4.04061017820884327278            -0.00100000000000000002            -0.00100000000000000002             3.28085301884955526930           632.35549288968320524873
             4.04061017820884327278            -0.00100000000000000002            -0.00100000000000000002             3.27681240867134659922           636.39610306789199967170
             4.04061017820884327278            -0.00100000000000000002            -0.00100000000000000002             3.27277179849313792914           640.43671324610079409467
             4.04061017820884327278            -0.00100000000000000002            -0.00100000000000000002             3.26873118831492925906           644.47732342430958851764
             4.04061017820884327278            -0.00100000000000000002            -0.00100000000000000002             3.26469057813672058899           648.51793360251838294062
             4.04061017820884327278            -0.00100000000000000002            -0.00100000000000000002             3.26064996795851191891           652.55854378072717736359
             4.04061017820884327278            -0.00100000000000000002            -0.00100000000000000002             3.25660935778030324883           656.59915395893597178656
             4.04061017820884327278            -0.00100000000000000002            -0.00100000000000000002             3.25256874760209457875           660.63976413714476620953
             4.04061017820884327278            -0.00100000000000000002            -0.00100000000000000002             3.24852813742388590867           664.68037431535356063250
             4.04061017820884327278            -0.00100000000000000002            -0.00100000000000000002             3.24448752724567723860           668.72098449356235505547
             4.04061017820884327278            -0.00100000000000000002            -0.00100000000000000002             3.24044691706746856852           672.76159467177114947845
             4.04061017820884327278            -0.00100000000000000002            -0.00100000000000000002             3.23640630688925989844           676.80220484997994390142
             4.04061017820884327278            -0.00100000000000000002            -0.00100000000000000002             3.23236569671105122836           680.84281502818873832439
             4.04061017820884327278            -0.00100000000000000002            -0.00100000000000000002             3.22832508653284255828           684.88342520639753274736
             4.04061017820884327278            -0.00100000000000000002            -0.00100000000000000002             3.22428447635463388821           688.92403538460632717033
             4.04061017820884327278            -0.00100000000000000002            -0.00100000000000000002             3.22024386617642521813           692.96464556281512159330
             4.04061017820884327278            -0.00100000000000000002            -0.00100000000000000002             3.21620325599821654805           697.00525574102391601627
             4.04061017820884327278            -0.00100000000000000002            -0.00100000000000000002             3.21216264582000787797           701.04586591923271043925
             4.04061017820884327278            -0.00100000000000000002            -0.00100000000000000002             3.20812203564179920789           705.08647609744150486222
             0.00000000000000000000
          15           1           3           1          -1           0          -1         100           4          14          -1           1           2          -1             0.00000000000000000000             1.75000000000000000000             4.00000000000000000000             0.00000000000000000000             4.00000000000000000000             0.00000000000000000000
             4.00000000000000000000            -0.00100000000000000002            -0.00100000000000000002             3.20410173055266378483             2.00000000000000000000
             4.00000000000000000000            -0.00100000000000000002            -0.00100000000000000002             3.20010173055266378128             6.00000000000000000000
             4.00000000000000000000            -0.00100000000000000002            -0.00100000000000000002             3.19610173055266377773            10.00000000000000000000
             4.00000000000000000000            -0.00100000000000000002            -0.00100000000000000002             3.19210173055266377418            14.00000000000000000000
             4.00000000000000000000            -0.00100000000000000002            -0.00100000000000000002             3.18810173055266377062            18.00000000000000000000
             4.00000000000000000000            -0.00100000000000000002            -0.00100000000000000002             3.18410173055266376707            22.00000000000000000000
             4.00000000000000000000            -0.00100000000000000002            -0.00100000000000000002             3.18010173055266376352            26.00000000000000000000
             4.00000000000000000000            -0.00100000000000000002            -0.00100000000000000002             3.17610173055266375997            30.00000000000000000000
             4.00000000000000000000            -0.00100000000000000002            -0.00100000000000000002             3.17210173055266375641            34.00000000000000000000
             4.00000000000000000000            -0.00100000000000000002            -0.00100000000000000002             3.16810173055266375286            38.00000000000000000000
             4.00000000000000000000            -0.00100000000000000002            -0.00100000000000000002             3.16410173055266374931            42.00000000000000000000
             4.00000000000000000000            -0.00100000000000000002            -0.00100000000000000002             3.16010173055266374575            46.00000000000000000000
             4.00000000000000000000            -0.00100000000000000002            -0.00100000000000000002             3.15610173055266374220            50.00000000000000000000
             4.00000000000000000000            -0.00100000000000000002            -0.00100000000000000002             3.15210173055266373865            54.00000000000000000000
             4.00000000000000000000            -0.00100000000000000002            -0.00100000000000000002             3.14810173055266373510            58.00000000000000000000
             4.00000000000000000000            -0.00100000000000000002            -0.00100000000000000002             3.14410173055266373154            62.00000000000000000000
             4.00000000000000000000            -0.00100000000000000002            -0.00100000000000000002             3.14010173055266372799            66.00000000000000000000
             4.00000000000000000000            -0.00100000000000000002            -0.00100000000000000002             3.13610173055266372444            70.00000000000000000000
             4.00000000000000000000            -0.00100000000000000002            -0.00100000000000000002             3.13210173055266372089            74.00000000000000000000
             4.00000000000000000000            -0.00100000000000000002            -0.00100000000000000002             3.12810173055266371733            78.00000000000000000000
             4.00000000000000000000            -0.00100000000000000002            -0.00100000000000000002             3.12410173055266371378            82.00000000000000000000
             4.00000000000000000000            -0.00100000000000000002            -0.00100000000000000002             3.12010173055266371023            86.00000000000000000000
             4.00000000000000000000            -0.00100000000000000002            -0.00100000000000000002             3.11610173055266370667            90.00000000000000000000
             4.00000000000000000000            -0.00100000000000000002            -0.00100000000000000002             3.11210173055266370312            94.00000000000000000000
             4.00000000000000000000            -0.00100000000000000002            -0.00100000000000000002             3.10810173055266369957            98.00000000000000000000
             4.00000000000000000000            -0.00100000000000000002            -0.00100000000000000002             3.10410173055266369602           102.00000000000000000000
             4.00000000000000000000            -0.00100000000000000002            -0.00100000000000000002             3.10010173055266369246           106.00000000000000000000
             4.00000000000000000000            -0.00100000000000000002            -0.00100000000000000002             3.09610173055266368891           110.00000000000000000000
             4.00000000000000000000            -0.00100000000000000002            -0.00100000000000000002             3.09210173055266368536           114.00000000000000000000
             4.00000000000000000000            -0.00100000000000000002            -0.00100000000000000002             3.08810173055266368181           118.00000000000000000000
             4.00000000000000000000            -0.00100000000000000002            -0.00100000000000000002             3.08410173055266367825           122.00000000000000000000
             4.00000000000000000000            -0.00100000000000000002            -0.00100000000000000002             3.08010173055266367470           126.00000000000000000000
             4.00000000000000000000            -0.00100000000000000002            -0.00100000000000000002             3.07610173055266367115           130.00000000000000000000
             4.00000000000000000000            -0.00100000000000000002            -0.00100000000000000002             3.07210173055266366759           134.00000000000000000000
             4.00000000000000000000            -0.00100000000000000002            -0.00100000000000000002             3.06810173055266366404           138.00000000000000000000
             4.00000000000000000000            -0.00100000000000000002            -0.00100000000000000002             3.06410173055266366049           142.00000000000000000000
             4.00000000000000000000            -0.00100000000000000002            -0.00100000000000000002             3.06010173055266365694           146.00000000000000000000
             4.00000000000000000000            -0.00100000000000000002            -0.00100000000000000002             3.05610173055266365338           150.00000000000000000000
             4.00000000000000000000            -0.00100000000000000002            -0.00100000000000000002             3.05210173055266364983           154.00000000000000000000
             4.00000000000000000000            -0.00100000000000000002            -0.00100000000000000002             3.04810173055266364628           158.00000000000000000000
             4.00000000000000000000            -0.00100000000000000002            -0.00100000000000000002             3.04410173055266364273           162.00000000000000000000
             4.00000000000000000000            -0.00100000000000000002            -0.00100000000000000002             3.04010173055266363917           166.00000000000000000000
             4.00000000000000000000            -0.00100000000000000002            -0.00100000000000000002             3.03610173055266363562           170.00000000000000000000
             4.00000000000000000000            -0.00100000000000000002            -0.00100000000000000002             3.03210173055266363207           174.00000000000000000000
             4.00000000000000000000            -0.00100000000000000002            -0.00100000000000000002             3.02810173055266362852           178.00000000000000000000
             4.00000000000000000000            -0.00100000000000000002            -0.00100000000000000002             3.02410173055266362496           182.00000000000000000000
             4.00000000000000000000            -0.00100000000000000002            -0.00100000000000000002             3.02010173055266362141           186.00000000000000000000
             4.00000000000000000000            -0.00100000000000000002            -0.00100000000000000002             3.01610173055266361786           190.00000000000000000000
             4.00000000000000000000            -0.00100000000000000002            -0.00100000000000000002             3.01210173055266361430           194.00000000000000000000
             4.00000000000000000000            -0.00100000000000000002            -0.00100000000000000002             3.00810173055266361075           198.00000000000000000000
             4.00000000000000000000            -0.00100000000000000002            -0.00100000000000000002             3.00410173055266360720           202.00000000000000000000
             4.00000000000000000000            -0.00100000000000000002            -0.00100000000000000002             3.00010173055266360365           206.00000000000000000000
             4.00000000000000000000            -0.00100000000000000002            -0.00100000000000000002             2.99610173055266360009           210.00000000000000000000
             4.00000000000000000000            -0.00100000000000000002            -0.00100000000000000002             2.99210173055266359654           214.00000000000000000000
             4.00000000000000000000            -0.00100000000000000002            -0.00100000000000000002             2.98810173055266359299           218.00000000000000000000
             4.00000000000000000000            -0.00100000000000000002            -0.00100000000000000002             2.98410173055266358944           222.00000000000000000000
             4.00000000000000000000            -0.00100000000000000002            -0.00100000000000000002             2.98010173055266358588           226.00000000000000000000
             4.00000000000000000000            -0.00100000000000000002            -0.00100000000000000002             2.97610173055266358233           230.00000000000000000000
             4.00000000000000000000            -0.00100000000000000002            -0.00100000000000000002             2.97210173055266357878           234.00000000000000000000
             4.00000000000000000000            -0.00100000000000000002            -0.00100000000000000002             2.96810173055266357522           238.00000000000000000000
             4.00000000000000000000            -0.00100000000000000002            -0.00100000000000000002             2.96410173055266357167           242.00000000000000000000
             4.00000000000000000000            -0.00100000000000000002            -0.00100000000000000002             2.96010173055266356812           246.00000000000000000000
             4.00000000000000000000            -0.00100000000000000002            -0.00100000000000000002             2.95610173055266356457           250.00000000000000000000
             4.00000000000000000000            -0.00100000000000000002            -0.00100000000000000002             2.95210173055266356101           254.00000000000000000000
             4.00000000000000000000            -0.00100000000000000002            -0.00100000000000000002             2.94810173055266355746           258.00000000000000000000
             4.00000000000000000000            -0.00100000000000000002            -0.00100000000000000002             2.94410173055266355391           262.00000000000000000000
             4.00000000000000000000            -0.00100000000000000002            -0.00100000000000000002             2.94010173055266355036           266.00000000000000000000
             4.00000000000000000000            -0.00100000000000000002            -0.00100000000000000002             2.93610173055266354680           270.00000000000000000000
             4.00000000000000000000            -0.00100000000000000002            -0.00100000000000000002             2.93210173055266354325           274.00000000000000000000
             4.00000000000000000000            -0.00100000000000000002            -0.00100000000000000002             2.92810173055266353970           278.00000000000000000000
             4.00000000000000000000            -0.00100000000000000002            -0.00100000000000000002             2.92410173055266353614           282.00000000000000000000
             4.00000000000000000000            -0.00100000000000000002            -0.00100000000000000002             2.92010173055266353259           286.00000000000000000000
             4.00000000000000000000            -0.00100000000000000002            -0.00100000000000000002             2.91610173055266352904           290.00000000000000000000
             4.00000000000000000000            -0.00100000000000000002            -0.00100000000000000002             2.91210173055266352549           294.00000000000000000000
             4.00000000000000000000            -0.00100000000000000002            -0.00100000000000000002             2.90810173055266352193           298.00000000000000000000
             4.00000000000000000000            -0.00100000000000000002            -0.00100000000000000002             2.90410173055266351838           302.00000000000000000000
             4.00000000000000000000            -0.00100000000000000002            -0.00100000000000000002             2.90010173055266351483           306.00000000000000000000
             4.00000000000000000000            -0.00100000000000000002            -0.00100000000000000002             2.89610173055266351128           310.00000000000000000000
             4.00000000000000000000            -0.00100000000000000002            -0.00100000000000000002             2.89210173055266350772           314.00000000000000000000
             4.00000000000000000000            -0.00100000000000000002            -0.00100000000000000002             2.88810173055266350417           318.00000000000000000000
             4.00000000000000000000            -0.00100000000000000002            -0.00100000000000000002             2.88410173055266350062           322.00000000000000000000
             4.00000000000000000000            -0.00100000000000000002            -0.00100000000000000002             2.88010173055266349706           326.00000000000000000000
             4.00000000000000000000            -0.00100000000000000002            -0.00100000000000000002             2.87610173055266349351           330.00000000000000000000
             4.00000000000000000000            -0.00100000000000000002            -0.00100000000000000002             2.87210173055266348996           334.00000000000000000000
             4.00000000000000000000            -0.00100000000000000002            -0.00100000000000000002             2.86810173055266348641           338.00000000000000000000
             4.00000000000000000000            -0.00100000000000000002            -0.00100000000000000002             2.86410173055266348285           342.00000000000000000000
             4.00000000000000000000            -0.00100000000000000002            -0.00100000000000000002             2.86010173055266347930           346.00000000000000000000
             4.00000000000000000000            -0.00100000000000000002            -0.00100000000000000002             2.85610173055266347575           350.00000000000000000000
             4.00000000000000000000            -0.00100000000000000002            -0.00100000000000000002             2.85210173055266347220           354.00000000000000000000
             4.00000000000000000000            -0.00100000000000000002            -0.00100000000000000002             2.84810173055266346864           358.00000000000000000000
             4.00000000000000000000            -0.00100000000000000002            -0.00100000000000000002             2.84410173055266346509           362.00000000000000000000
             4.00000000000000000000            -0.00100000000000000002            -0.00100000000000000002             2.84010173055266346154           366.00000000000000000000
             4.00000000000000000000            -0.00100000000000000002            -0.00100000000000000002             2.83610173055266345798           370.00000000000000000000
             4.00000000000000000000            -0.00100000000000000002            -0.00100000000000000002             2.83210173055266345443           374.00000000000000000000
             4.00000000000000000000            -0.00100000000000000002            -0.00100000000000000002             2.82810173055266345088           378.00000000000000000000
             4.00000000000000000000            -0.00100000000000000002            -0.00100000000000000002             2.82410173055266344733           382.00000000000000000000
             4.00000000000000000000            -0.00100000000000000002            -0.00100000000000000002             2.82010173055266344377           386.00000000000000000000
             4.00000000000000000000            -0.00100000000000000002            -0.00100000000000000002             2.81610173055266344022           390.00000000000000000000
             4.00000000000000000000            -0.00100000000000000002            -0.00100000000000000002             2.81210173055266343667           394.00000000000000000000
             4.00000000000000000000            -0.00100000000000000002            -0.00100000000000000002             2.80810173055266343312           398.00000000000000000000
            -0.00100000000000000002
