                    250
             0.02500000037252902985             0.02500000037252902985             0.00000000000000000000             0.00000000000000000000             0.00000000000000000000             1.00000000000000000000             0.01250000018626451492             0.00000000000000000000
             0.02500000037252902985             0.02500000037252902985             0.00000000000000000000             0.00000000000000000000             0.00000000000000000000             1.00000000000000000000             0.03750000055879354477             0.00000000000000000000
             0.02500000037252902985             0.02500000037252902985             0.00000000000000000000             0.00000000000000000000             0.00000000000000000000             1.00000000000000000000             0.06250000093132257462             0.00000000000000000000
             0.02500000037252902985             0.02500000037252902985             0.00000000000000000000             0.00000000000000000000             0.00000000000000000000             1.00000000000000000000             0.08750000130385160446             0.00000000000000000000
             0.02500000037252902985             0.02500000037252902985             0.00000000000000000000             0.00000000000000000000             0.00000000000000000000             1.00000000000000000000             0.11250000167638063431             0.00000000000000000000
             0.02500000037252902985             0.02500000037252902985             0.00000000000000000000             0.00000000000000000000             0.00000000000000000000             1.00000000000000000000             0.13750000204890966415             0.00000000000000000000
             0.02500000037252902985             0.02500000037252902985             0.00000000000000000000             0.00000000000000000000             0.00000000000000000000             1.00000000000000000000             0.16250000242143869400             0.00000000000000000000
             0.02500000037252902985             0.02500000037252902985             0.00000000000000000000             0.00000000000000000000             0.00000000000000000000             1.00000000000000000000             0.18750000279396772385             0.00000000000000000000
             0.02500000037252902985             0.02500000037252902985             0.00000000000000000000             0.00000000000000000000             0.00000000000000000000             1.00000000000000000000             0.21250000316649675369             0.00000000000000000000
             0.02500000037252902985             0.02500000037252902985             0.00000000000000000000             0.00000000000000000000             0.00000000000000000000             1.00000000000000000000             0.23750000353902578354             0.00000000000000000000
             0.02500000037252902985             0.02500000037252902985             0.00000000000000000000             0.00000000000000000000             0.00000000000000000000             1.00000000000000000000             0.26250000391155481339             0.00000000000000000000
             0.02500000037252902985             0.02500000037252902985             0.00000000000000000000             0.00000000000000000000             0.00000000000000000000             1.00000000000000000000             0.28750000428408384323             0.00000000000000000000
             0.02500000037252902985             0.02500000037252902985             0.00000000000000000000             0.00000000000000000000             0.00000000000000000000             1.00000000000000000000             0.31250000465661287308             0.00000000000000000000
             0.02500000037252902985             0.02500000037252902985             0.00000000000000000000             0.00000000000000000000             0.00000000000000000000             1.00000000000000000000             0.33750000502914190292             0.00000000000000000000
             0.02500000037252902985             0.02500000037252902985             0.00000000000000000000             0.00000000000000000000             0.00000000000000000000             1.00000000000000000000             0.36250000540167093277             0.00000000000000000000
             0.02500000037252902985             0.02500000037252902985             0.00000000000000000000             0.00000000000000000000             0.00000000000000000000             1.00000000000000000000             0.38750000577419996262             0.00000000000000000000
             0.02500000037252902985             0.02500000037252902985             0.00000000000000000000             0.00000000000000000000             0.00000000000000000000             1.00000000000000000000             0.41250000614672899246             0.00000000000000000000
             0.02500000037252902985             0.02500000037252902985             0.00000000000000000000             0.00000000000000000000             0.00000000000000000000             1.00000000000000000000             0.43750000651925802231             0.00000000000000000000
             0.02500000037252902985             0.02500000037252902985             0.00000000000000000000             0.00000000000000000000             0.00000000000000000000             1.00000000000000000000             0.46250000689178705215             0.00000000000000000000
             0.02500000037252902985             0.02500000037252902985             0.00000000000000000000             0.00000000000000000000             0.00000000000000000000             1.00000000000000000000             0.48750000726431608200             0.00000000000000000000
             0.02500000037252902985             0.02500000037252902985             0.00000000000000000000             0.00000000000000000000             0.00000000000000000000             1.00000000000000000000             0.51250000763684511185             0.00000000000000000000
             0.02500000037252902985             0.02500000037252902985             0.00000000000000000000             0.00000000000000000000             0.00000000000000000000             1.00000000000000000000             0.53750000800937414169             0.00000000000000000000
             0.02500000037252902985             0.02500000037252902985             0.00000000000000000000             0.00000000000000000000             0.00000000000000000000             1.00000000000000000000             0.56250000838190317154             0.00000000000000000000
             0.02500000037252902985             0.02500000037252902985             0.00000000000000000000             0.00000000000000000000             0.00000000000000000000             1.00000000000000000000             0.58750000875443220139             0.00000000000000000000
             0.02500000037252902985             0.02500000037252902985             0.00000000000000000000             0.00000000000000000000             0.00000000000000000000             1.00000000000000000000             0.61250000912696123123             0.00000000000000000000
             0.02500000037252902985             0.02500000037252902985             0.00000000000000000000             0.00000000000000000000             0.00000000000000000000             1.00000000000000000000             0.63750000949949026108             0.00000000000000000000
             0.02500000037252902985             0.02500000037252902985             0.00000000000000000000             0.00000000000000000000             0.00000000000000000000             1.00000000000000000000             0.66250000987201929092             0.00000000000000000000
             0.02500000037252902985             0.02500000037252902985             0.00000000000000000000             0.00000000000000000000             0.00000000000000000000             1.00000000000000000000             0.68750001024454832077             0.00000000000000000000
             0.02500000037252902985             0.02500000037252902985             0.00000000000000000000             0.00000000000000000000             0.00000000000000000000             1.00000000000000000000             0.71250001061707735062             0.00000000000000000000
             0.02500000037252902985             0.02500000037252902985             0.00000000000000000000             0.00000000000000000000             0.00000000000000000000             1.00000000000000000000             0.73750001098960638046             0.00000000000000000000
             0.02500000037252902985             0.02500000037252902985             0.00000000000000000000             0.00000000000000000000             0.00000000000000000000             1.00000000000000000000             0.76250001136213541031             0.00000000000000000000
             0.02500000037252902985             0.02500000037252902985             0.00000000000000000000             0.00000000000000000000             0.00000000000000000000             1.00000000000000000000             0.78750001173466444016             0.00000000000000000000
             0.02500000037252902985             0.02500000037252902985             0.00000000000000000000             0.00000000000000000000             0.00000000000000000000             1.00000000000000000000             0.81250001210719347000             0.00000000000000000000
             0.02500000037252902985             0.02500000037252902985             0.00000000000000000000             0.00000000000000000000             0.00000000000000000000             1.00000000000000000000             0.83750001247972249985             0.00000000000000000000
             0.02500000037252902985             0.02500000037252902985             0.00000000000000000000             0.00000000000000000000             0.00000000000000000000             1.00000000000000000000             0.86250001285225152969             0.00000000000000000000
             0.02500000037252902985             0.02500000037252902985             0.00000000000000000000             0.00000000000000000000             0.00000000000000000000             1.00000000000000000000             0.88750001322478055954             0.00000000000000000000
             0.02500000037252902985             0.02500000037252902985             0.00000000000000000000             0.00000000000000000000             0.00000000000000000000             1.00000000000000000000             0.91250001359730958939             0.00000000000000000000
             0.02500000037252902985             0.02500000037252902985             0.00000000000000000000             0.00000000000000000000             0.00000000000000000000             1.00000000000000000000             0.93750001396983861923             0.00000000000000000000
             0.02500000037252902985             0.02500000037252902985             0.00000000000000000000             0.00000000000000000000             0.00000000000000000000             1.00000000000000000000             0.96250001434236764908             0.00000000000000000000
             0.02500000037252902985             0.02500000037252902985             0.00000000000000000000             0.00000000000000000000             0.00000000000000000000             1.00000000000000000000             0.98750001471489667892             0.00000000000000000000
             0.02500000037252902985             0.02500000037252902985             0.00000000000000000000             0.00000000000000000000             0.00000000000000000000             1.00000000000000000000             1.01250001508742570877             0.00000000000000000000
             0.02500000037252902985             0.02500000037252902985             0.00000000000000000000             0.00000000000000000000             0.00000000000000000000             1.00000000000000000000             1.03750001545995473862             0.00000000000000000000
             0.02500000037252902985             0.02500000037252902985             0.00000000000000000000             0.00000000000000000000             0.00000000000000000000             1.00000000000000000000             1.06250001583248376846             0.00000000000000000000
             0.02500000037252902985             0.02500000037252902985             0.00000000000000000000             0.00000000000000000000             0.00000000000000000000             1.00000000000000000000             1.08750001620501279831             0.00000000000000000000
             0.02500000037252902985             0.02500000037252902985             0.00000000000000000000             0.00000000000000000000             0.00000000000000000000             1.00000000000000000000             1.11250001657754182816             0.00000000000000000000
             0.02500000037252902985             0.02500000037252902985             0.00000000000000000000             0.00000000000000000000             0.00000000000000000000             1.00000000000000000000             1.13750001695007085800             0.00000000000000000000
             0.02500000037252902985             0.02500000037252902985             0.00000000000000000000             0.00000000000000000000             0.00000000000000000000             1.00000000000000000000             1.16250001732259988785             0.00000000000000000000
             0.02500000037252902985             0.02500000037252902985             0.00000000000000000000             0.00000000000000000000             0.00000000000000000000             1.00000000000000000000             1.18750001769512891769             0.00000000000000000000
             0.02500000037252902985             0.02500000037252902985             0.00000000000000000000             0.00000000000000000000             0.00000000000000000000             1.00000000000000000000             1.21250001806765794754             0.00000000000000000000
             0.02500000037252902985             0.02500000037252902985             0.00000000000000000000             0.00000000000000000000             0.00000000000000000000             1.00000000000000000000             1.23750001844018697739             0.00000000000000000000
             0.02500000037252902985             0.02500000037252902985             0.00000000000000000000             0.00000000000000000000             0.00000000000000000000             1.00000000000000000000             1.26250001881271600723             0.00000000000000000000
             0.02500000037252902985             0.02500000037252902985             0.00000000000000000000             0.00000000000000000000             0.00000000000000000000             1.00000000000000000000             1.28750001918524503708             0.00000000000000000000
             0.02500000037252902985             0.02500000037252902985             0.00000000000000000000             0.00000000000000000000             0.00000000000000000000             1.00000000000000000000             1.31250001955777406693             0.00000000000000000000
             0.02500000037252902985             0.02500000037252902985             0.00000000000000000000             0.00000000000000000000             0.00000000000000000000             1.00000000000000000000             1.33750001993030309677             0.00000000000000000000
             0.02500000037252902985             0.02500000037252902985             0.00000000000000000000             0.00000000000000000000             0.00000000000000000000             1.00000000000000000000             1.36250002030283212662             0.00000000000000000000
             0.02500000037252902985             0.02500000037252902985             0.00000000000000000000             0.00000000000000000000             0.00000000000000000000             1.00000000000000000000             1.38750002067536115646             0.00000000000000000000
             0.02500000037252902985             0.02500000037252902985             0.00000000000000000000             0.00000000000000000000             0.00000000000000000000             1.00000000000000000000             1.41250002104789018631             0.00000000000000000000
             0.02500000037252902985             0.02500000037252902985             0.00000000000000000000             0.00000000000000000000             0.00000000000000000000             1.00000000000000000000             1.43750002142041921616             0.00000000000000000000
             0.02500000037252902985             0.02500000037252902985             0.00000000000000000000             0.00000000000000000000             0.00000000000000000000             1.00000000000000000000             1.46250002179294824600             0.00000000000000000000
             0.02500000037252902985             0.02500000037252902985             0.00000000000000000000             0.00000000000000000000             0.00000000000000000000             1.00000000000000000000             1.48750002216547727585             0.00000000000000000000
             0.02500000037252902985             0.02500000037252902985             0.00000000000000000000             0.00000000000000000000             0.00000000000000000000             1.00000000000000000000             1.51250002253800630569             0.00000000000000000000
             0.02500000037252902985             0.02500000037252902985             0.00000000000000000000             0.00000000000000000000             0.00000000000000000000             1.00000000000000000000             1.53750002291053533554             0.00000000000000000000
             0.02500000037252902985             0.02500000037252902985             0.00000000000000000000             0.00000000000000000000             0.00000000000000000000             1.00000000000000000000             1.56250002328306436539             0.00000000000000000000
             0.02500000037252902985             0.02500000037252902985             0.00000000000000000000             0.00000000000000000000             0.00000000000000000000             1.00000000000000000000             1.58750002365559339523             0.00000000000000000000
             0.02500000037252902985             0.02500000037252902985             0.00000000000000000000             0.00000000000000000000             0.00000000000000000000             1.00000000000000000000             1.61250002402812242508             0.00000000000000000000
             0.02500000037252902985             0.02500000037252902985             0.00000000000000000000             0.00000000000000000000             0.00000000000000000000             1.00000000000000000000             1.63750002440065145493             0.00000000000000000000
             0.02500000037252902985             0.02500000037252902985             0.00000000000000000000             0.00000000000000000000             0.00000000000000000000             1.00000000000000000000             1.66250002477318048477             0.00000000000000000000
             0.02500000037252902985             0.02500000037252902985             0.00000000000000000000             0.00000000000000000000             0.00000000000000000000             1.00000000000000000000             1.68750002514570951462             0.00000000000000000000
             0.02500000037252902985             0.02500000037252902985             0.00000000000000000000             0.00000000000000000000             0.00000000000000000000             1.00000000000000000000             1.71250002551823854446             0.00000000000000000000
             0.02500000037252902985             0.02500000037252902985             0.00000000000000000000             0.00000000000000000000             0.00000000000000000000             1.00000000000000000000             1.73750002589076757431             0.00000000000000000000
             0.02500000037252902985             0.02500000037252902985             0.00000000000000000000             0.00000000000000000000             0.00000000000000000000             1.00000000000000000000             1.76250002626329660416             0.00000000000000000000
             0.02500000037252902985             0.02500000037252902985             0.00000000000000000000             0.00000000000000000000             0.00000000000000000000             1.00000000000000000000             1.78750002663582563400             0.00000000000000000000
             0.02500000037252902985             0.02500000037252902985             0.00000000000000000000             0.00000000000000000000             0.00000000000000000000             1.00000000000000000000             1.81250002700835466385             0.00000000000000000000
             0.02500000037252902985             0.02500000037252902985             0.00000000000000000000             0.00000000000000000000             0.00000000000000000000             1.00000000000000000000             1.83750002738088369370             0.00000000000000000000
             0.02500000037252902985             0.02500000037252902985             0.00000000000000000000             0.00000000000000000000             0.00000000000000000000             1.00000000000000000000             1.86250002775341272354             0.00000000000000000000
             0.02500000037252902985             0.02500000037252902985             0.00000000000000000000             0.00000000000000000000             0.00000000000000000000             1.00000000000000000000             1.88750002812594175339             0.00000000000000000000
             0.02500000037252902985             0.02500000037252902985             0.00000000000000000000             0.00000000000000000000             0.00000000000000000000             1.00000000000000000000             1.91250002849847078323             0.00000000000000000000
             0.02500000037252902985             0.02500000037252902985             0.00000000000000000000             0.00000000000000000000             0.00000000000000000000             1.00000000000000000000             1.93750002887099981308             0.00000000000000000000
             0.02500000037252902985             0.02500000037252902985             0.00000000000000000000             0.00000000000000000000             0.00000000000000000000             1.00000000000000000000             1.96250002924352884293             0.00000000000000000000
             0.02500000037252902985             0.02500000037252902985             0.00000000000000000000             0.00000000000000000000             0.00000000000000000000             1.00000000000000000000             1.98750002961605787277             0.00000000000000000000
             0.02500000037252902985             0.02500000037252902985             0.00000000000000000000             0.00000000000000000000             0.00000000000000000000             1.00000000000000000000             2.01250002998858690262             0.00000000000000000000
             0.02500000037252902985             0.02500000037252902985             0.00000000000000000000             0.00000000000000000000             0.00000000000000000000             1.00000000000000000000             2.03750003036111593246             0.00000000000000000000
             0.02500000037252902985             0.02500000037252902985             0.00000000000000000000             0.00000000000000000000             0.00000000000000000000             1.00000000000000000000             2.06250003073364496231             0.00000000000000000000
             0.02500000037252902985             0.02500000037252902985             0.00000000000000000000             0.00000000000000000000             0.00000000000000000000             1.00000000000000000000             2.08750003110617399216             0.00000000000000000000
             0.02500000037252902985             0.02500000037252902985             0.00000000000000000000             0.00000000000000000000             0.00000000000000000000             1.00000000000000000000             2.11250003147870302200             0.00000000000000000000
             0.02500000037252902985             0.02500000037252902985             0.00000000000000000000             0.00000000000000000000             0.00000000000000000000             1.00000000000000000000             2.13750003185123205185             0.00000000000000000000
             0.02500000037252902985             0.02500000037252902985             0.00000000000000000000             0.00000000000000000000             0.00000000000000000000             1.00000000000000000000             2.16250003222376108170             0.00000000000000000000
             0.02500000037252902985             0.02500000037252902985             0.00000000000000000000             0.00000000000000000000             0.00000000000000000000             1.00000000000000000000             2.18750003259629011154             0.00000000000000000000
             0.02500000037252902985             0.02500000037252902985             0.00000000000000000000             0.00000000000000000000             0.00000000000000000000             1.00000000000000000000             2.21250003296881914139             0.00000000000000000000
             0.02500000037252902985             0.02500000037252902985             0.00000000000000000000             0.00000000000000000000             0.00000000000000000000             1.00000000000000000000             2.23750003334134817123             0.00000000000000000000
             0.02500000037252902985             0.02500000037252902985             0.00000000000000000000             0.00000000000000000000             0.00000000000000000000             1.00000000000000000000             2.26250003371387720108             0.00000000000000000000
             0.02500000037252902985             0.02500000037252902985             0.00000000000000000000             0.00000000000000000000             0.00000000000000000000             1.00000000000000000000             2.28750003408640623093             0.00000000000000000000
             0.02500000037252902985             0.02500000037252902985             0.00000000000000000000             0.00000000000000000000             0.00000000000000000000             1.00000000000000000000             2.31250003445893526077             0.00000000000000000000
             0.02500000037252902985             0.02500000037252902985             0.00000000000000000000             0.00000000000000000000             0.00000000000000000000             1.00000000000000000000             2.33750003483146429062             0.00000000000000000000
             0.02500000037252902985             0.02500000037252902985             0.00000000000000000000             0.00000000000000000000             0.00000000000000000000             1.00000000000000000000             2.36250003520399332047             0.00000000000000000000
             0.02500000037252902985             0.02500000037252902985             0.00000000000000000000             0.00000000000000000000             0.00000000000000000000             1.00000000000000000000             2.38750003557652235031             0.00000000000000000000
             0.02500000037252902985             0.02500000037252902985             0.00000000000000000000             0.00000000000000000000             0.00000000000000000000             1.00000000000000000000             2.41250003594905138016             0.00000000000000000000
             0.02500000037252902985             0.02500000037252902985             0.00000000000000000000             0.00000000000000000000             0.00000000000000000000             1.00000000000000000000             2.43750003632158041000             0.00000000000000000000
             0.02500000037252902985             0.02500000037252902985             0.00000000000000000000             0.00000000000000000000             0.00000000000000000000             1.00000000000000000000             2.46250003669410943985             0.00000000000000000000
             0.02500000037252902985             0.02500000037252902985             0.00000000000000000000             0.00000000000000000000             0.00000000000000000000             1.00000000000000000000             2.48750003706663846970             0.00000000000000000000
             0.02500000037252902985             0.02500000037252902985             0.00000000000000000000             0.00000000000000000000             0.00000000000000000000             1.00000000000000000000             2.51250003743916749954             0.00000000000000000000
             0.02500000037252902985             0.02500000037252902985             0.00000000000000000000             0.00000000000000000000             0.00000000000000000000             1.00000000000000000000             2.53750003781169652939             0.00000000000000000000
             0.02500000037252902985             0.02500000037252902985             0.00000000000000000000             0.00000000000000000000             0.00000000000000000000             1.00000000000000000000             2.56250003818422555923             0.00000000000000000000
             0.02500000037252902985             0.02500000037252902985             0.00000000000000000000             0.00000000000000000000             0.00000000000000000000             1.00000000000000000000             2.58750003855675458908             0.00000000000000000000
             0.02500000037252902985             0.02500000037252902985             0.00000000000000000000             0.00000000000000000000             0.00000000000000000000             1.00000000000000000000             2.61250003892928361893             0.00000000000000000000
             0.02500000037252902985             0.02500000037252902985             0.00000000000000000000             0.00000000000000000000             0.00000000000000000000             1.00000000000000000000             2.63750003930181264877             0.00000000000000000000
             0.02500000037252902985             0.02500000037252902985             0.00000000000000000000             0.00000000000000000000             0.00000000000000000000             1.00000000000000000000             2.66250003967434167862             0.00000000000000000000
             0.02500000037252902985             0.02500000037252902985             0.00000000000000000000             0.00000000000000000000             0.00000000000000000000             1.00000000000000000000             2.68750004004687070847             0.00000000000000000000
             0.02500000037252902985             0.02500000037252902985             0.00000000000000000000             0.00000000000000000000             0.00000000000000000000             1.00000000000000000000             2.71250004041939973831             0.00000000000000000000
             0.02500000037252902985             0.02500000037252902985             0.00000000000000000000             0.00000000000000000000             0.00000000000000000000             1.00000000000000000000             2.73750004079192876816             0.00000000000000000000
             0.02500000037252902985             0.02500000037252902985             0.00000000000000000000             0.00000000000000000000             0.00000000000000000000             1.00000000000000000000             2.76250004116445779800             0.00000000000000000000
             0.02500000037252902985             0.02500000037252902985             0.00000000000000000000             0.00000000000000000000             0.00000000000000000000             1.00000000000000000000             2.78750004153698682785             0.00000000000000000000
             0.02500000037252902985             0.02500000037252902985             0.00000000000000000000             0.00000000000000000000             0.00000000000000000000             1.00000000000000000000             2.81250004190951585770             0.00000000000000000000
             0.02500000037252902985             0.02500000037252902985             0.00000000000000000000             0.00000000000000000000             0.00000000000000000000             1.00000000000000000000             2.83750004228204488754             0.00000000000000000000
             0.02500000037252902985             0.02500000037252902985             0.00000000000000000000             0.00000000000000000000             0.00000000000000000000             1.00000000000000000000             2.86250004265457391739             0.00000000000000000000
             0.02500000037252902985             0.02500000037252902985             0.00000000000000000000             0.00000000000000000000             0.00000000000000000000             1.00000000000000000000             2.88750004302710294724             0.00000000000000000000
             0.02500000037252902985             0.02500000037252902985             0.00000000000000000000             0.00000000000000000000             0.00000000000000000000             1.00000000000000000000             2.91250004339963197708             0.00000000000000000000
             0.02500000037252902985             0.02500000037252902985             0.00000000000000000000             0.00000000000000000000             0.00000000000000000000             1.00000000000000000000             2.93750004377216100693             0.00000000000000000000
             0.02500000037252902985             0.02500000037252902985             0.00000000000000000000             0.00000000000000000000             0.00000000000000000000             1.00000000000000000000             2.96250004414469003677             0.00000000000000000000
             0.02500000037252902985             0.02500000037252902985             0.00000000000000000000             0.00000000000000000000             0.00000000000000000000             1.00000000000000000000             2.98750004451721906662             0.00000000000000000000
             0.02500000037252902985             0.02500000037252902985             0.00000000000000000000             0.00000000000000000000             0.00000000000000000000             1.00000000000000000000             3.01250004488974809647             0.00000000000000000000
             0.02500000037252902985             0.02500000037252902985             0.00000000000000000000             0.00000000000000000000             0.00000000000000000000             1.00000000000000000000             3.03750004526227712631             0.00000000000000000000
             0.02500000037252902985             0.02500000037252902985             0.00000000000000000000             0.00000000000000000000             0.00000000000000000000             1.00000000000000000000             3.06250004563480615616             0.00000000000000000000
             0.02500000037252902985             0.02500000037252902985             0.00000000000000000000             0.00000000000000000000             0.00000000000000000000             1.00000000000000000000             3.08750004600733518600             0.00000000000000000000
             0.02500000037252902985             0.02500000037252902985             0.00000000000000000000             0.00000000000000000000             0.00000000000000000000             1.00000000000000000000             3.11250004637986421585             0.00000000000000000000
             0.02500000037252902985             0.02500000037252902985             0.00000000000000000000             0.00000000000000000000             0.00000000000000000000             1.00000000000000000000             3.13750004675239324570             0.00000000000000000000
             0.02500000037252902985             0.02500000037252902985             0.00000000000000000000             0.00000000000000000000             0.00000000000000000000             1.00000000000000000000             3.16250004712492227554             0.00000000000000000000
             0.02500000037252902985             0.02500000037252902985             0.00000000000000000000             0.00000000000000000000             0.00000000000000000000             1.00000000000000000000             3.18750004749745130539             0.00000000000000000000
             0.02500000037252902985             0.02500000037252902985             0.00000000000000000000             0.00000000000000000000             0.00000000000000000000             1.00000000000000000000             3.21250004786998033524             0.00000000000000000000
             0.02500000037252902985             0.02500000037252902985             0.00000000000000000000             0.00000000000000000000             0.00000000000000000000             1.00000000000000000000             3.23750004824250936508             0.00000000000000000000
             0.02500000037252902985             0.02500000037252902985             0.00000000000000000000             0.00000000000000000000             0.00000000000000000000             1.00000000000000000000             3.26250004861503839493             0.00000000000000000000
             0.02500000037252902985             0.02500000037252902985             0.00000000000000000000             0.00000000000000000000             0.00000000000000000000             1.00000000000000000000             3.28750004898756742477             0.00000000000000000000
             0.02500000037252902985             0.02500000037252902985             0.00000000000000000000             0.00000000000000000000             0.00000000000000000000             1.00000000000000000000             3.31250004936009645462             0.00000000000000000000
             0.02500000037252902985             0.02500000037252902985             0.00000000000000000000             0.00000000000000000000             0.00000000000000000000             1.00000000000000000000             3.33750004973262548447             0.00000000000000000000
             0.02500000037252902985             0.02500000037252902985             0.00000000000000000000             0.00000000000000000000             0.00000000000000000000             1.00000000000000000000             3.36250005010515451431             0.00000000000000000000
             0.02500000037252902985             0.02500000037252902985             0.00000000000000000000             0.00000000000000000000             0.00000000000000000000             1.00000000000000000000             3.38750005047768354416             0.00000000000000000000
             0.02500000037252902985             0.02500000037252902985             0.00000000000000000000             0.00000000000000000000             0.00000000000000000000             1.00000000000000000000             3.41250005085021257401             0.00000000000000000000
             0.02500000037252902985             0.02500000037252902985             0.00000000000000000000             0.00000000000000000000             0.00000000000000000000             1.00000000000000000000             3.43750005122274160385             0.00000000000000000000
             0.02500000037252902985             0.02500000037252902985             0.00000000000000000000             0.00000000000000000000             0.00000000000000000000             1.00000000000000000000             3.46250005159527063370             0.00000000000000000000
             0.02500000037252902985             0.02500000037252902985             0.00000000000000000000             0.00000000000000000000             0.00000000000000000000             1.00000000000000000000             3.48750005196779966354             0.00000000000000000000
             0.02500000037252902985             0.02500000037252902985             0.00000000000000000000             0.00000000000000000000             0.00000000000000000000             1.00000000000000000000             3.51250005234032869339             0.00000000000000000000
             0.02500000037252902985             0.02500000037252902985             0.00000000000000000000             0.00000000000000000000             0.00000000000000000000             1.00000000000000000000             3.53750005271285772324             0.00000000000000000000
             0.02500000037252902985             0.02500000037252902985             0.00000000000000000000             0.00000000000000000000             0.00000000000000000000             1.00000000000000000000             3.56250005308538675308             0.00000000000000000000
             0.02500000037252902985             0.02500000037252902985             0.00000000000000000000             0.00000000000000000000             0.00000000000000000000             1.00000000000000000000             3.58750005345791578293             0.00000000000000000000
             0.02500000037252902985             0.02500000037252902985             0.00000000000000000000             0.00000000000000000000             0.00000000000000000000             1.00000000000000000000             3.61250005383044481277             0.00000000000000000000
             0.02500000037252902985             0.02500000037252902985             0.00000000000000000000             0.00000000000000000000             0.00000000000000000000             1.00000000000000000000             3.63750005420297384262             0.00000000000000000000
             0.02500000037252902985             0.02500000037252902985             0.00000000000000000000             0.00000000000000000000             0.00000000000000000000             1.00000000000000000000             3.66250005457550287247             0.00000000000000000000
             0.02500000037252902985             0.02500000037252902985             0.00000000000000000000             0.00000000000000000000             0.00000000000000000000             1.00000000000000000000             3.68750005494803190231             0.00000000000000000000
             0.02500000037252902985             0.02500000037252902985             0.00000000000000000000             0.00000000000000000000             0.00000000000000000000             1.00000000000000000000             3.71250005532056093216             0.00000000000000000000
             0.02500000037252902985             0.02500000037252902985             0.00000000000000000000             0.00000000000000000000             0.00000000000000000000             1.00000000000000000000             3.73750005569308996201             0.00000000000000000000
             0.02500000037252902985             0.02500000037252902985             0.00000000000000000000             0.00000000000000000000             0.00000000000000000000             1.00000000000000000000             3.76250005606561899185             0.00000000000000000000
             0.02500000037252902985             0.02500000037252902985             0.00000000000000000000             0.00000000000000000000             0.00000000000000000000             1.00000000000000000000             3.78750005643814802170             0.00000000000000000000
             0.02500000037252902985             0.02500000037252902985             0.00000000000000000000             0.00000000000000000000             0.00000000000000000000             1.00000000000000000000             3.81250005681067705154             0.00000000000000000000
             0.02500000037252902985             0.02500000037252902985             0.00000000000000000000             0.00000000000000000000             0.00000000000000000000             1.00000000000000000000             3.83750005718320608139             0.00000000000000000000
             0.02500000037252902985             0.02500000037252902985             0.00000000000000000000             0.00000000000000000000             0.00000000000000000000             1.00000000000000000000             3.86250005755573511124             0.00000000000000000000
             0.02500000037252902985             0.02500000037252902985             0.00000000000000000000             0.00000000000000000000             0.00000000000000000000             1.00000000000000000000             3.88750005792826414108             0.00000000000000000000
             0.02500000037252902985             0.02500000037252902985             0.00000000000000000000             0.00000000000000000000             0.00000000000000000000             1.00000000000000000000             3.91250005830079317093             0.00000000000000000000
             0.02500000037252902985             0.02500000037252902985             0.00000000000000000000             0.00000000000000000000             0.00000000000000000000             1.00000000000000000000             3.93750005867332220078             0.00000000000000000000
             0.02500000037252902985             0.02500000037252902985             0.00000000000000000000             0.00000000000000000000             0.00000000000000000000             1.00000000000000000000             3.96250005904585123062             0.00000000000000000000
             0.02500000037252902985             0.02500000037252902985             0.00000000000000000000             0.00000000000000000000             0.00000000000000000000             1.00000000000000000000             3.98750005941838026047             0.00000000000000000000
             0.02500000037252902985             0.02500000037252902985             0.00000000000000000000             0.00000000000000000000             0.00000000000000000000             1.00000000000000000000             4.01250005979090929031             0.00000000000000000000
             0.02500000037252902985             0.02500000037252902985             0.00000000000000000000             0.00000000000000000000             0.00000000000000000000             1.00000000000000000000             4.03750006016343832016             0.00000000000000000000
             0.02500000037252902985             0.02500000037252902985             0.00000000000000000000             0.00000000000000000000             0.00000000000000000000             1.00000000000000000000             4.06250006053596735001             0.00000000000000000000
             0.02500000037252902985             0.02500000037252902985             0.00000000000000000000             0.00000000000000000000             0.00000000000000000000             1.00000000000000000000             4.08750006090849637985             0.00000000000000000000
             0.02500000037252902985             0.02500000037252902985             0.00000000000000000000             0.00000000000000000000             0.00000000000000000000             1.00000000000000000000             4.11250006128102540970             0.00000000000000000000
             0.02500000037252902985             0.02500000037252902985             0.00000000000000000000             0.00000000000000000000             0.00000000000000000000             1.00000000000000000000             4.13750006165355443954             0.00000000000000000000
             0.02500000037252902985             0.02500000037252902985             0.00000000000000000000             0.00000000000000000000             0.00000000000000000000             1.00000000000000000000             4.16250006202608346939             0.00000000000000000000
             0.02500000037252902985             0.02500000037252902985             0.00000000000000000000             0.00000000000000000000             0.00000000000000000000             1.00000000000000000000             4.18750006239861249924             0.00000000000000000000
             0.02500000037252902985             0.02500000037252902985             0.00000000000000000000             0.00000000000000000000             0.00000000000000000000             1.00000000000000000000             4.21250006277114152908             0.00000000000000000000
             0.02500000037252902985             0.02500000037252902985             0.00000000000000000000             0.00000000000000000000             0.00000000000000000000             1.00000000000000000000             4.23750006314367055893             0.00000000000000000000
             0.02500000037252902985             0.02500000037252902985             0.00000000000000000000             0.00000000000000000000             0.00000000000000000000             1.00000000000000000000             4.26250006351619958878             0.00000000000000000000
             0.02500000037252902985             0.02500000037252902985             0.00000000000000000000             0.00000000000000000000             0.00000000000000000000             1.00000000000000000000             4.28750006388872861862             0.00000000000000000000
             0.02500000037252902985             0.02500000037252902985             0.00000000000000000000             0.00000000000000000000             0.00000000000000000000             1.00000000000000000000             4.31250006426125764847             0.00000000000000000000
             0.02500000037252902985             0.02500000037252902985             0.00000000000000000000             0.00000000000000000000             0.00000000000000000000             1.00000000000000000000             4.33750006463378667831             0.00000000000000000000
             0.02500000037252902985             0.02500000037252902985             0.00000000000000000000             0.00000000000000000000             0.00000000000000000000             1.00000000000000000000             4.36250006500631570816             0.00000000000000000000
             0.02500000037252902985             0.02500000037252902985             0.00000000000000000000             0.00000000000000000000             0.00000000000000000000             1.00000000000000000000             4.38750006537884473801             0.00000000000000000000
             0.02500000037252902985             0.02500000037252902985             0.00000000000000000000             0.00000000000000000000             0.00000000000000000000             1.00000000000000000000             4.41250006575137376785             0.00000000000000000000
             0.02500000037252902985             0.02500000037252902985             0.00000000000000000000             0.00000000000000000000             0.00000000000000000000             1.00000000000000000000             4.43750006612390279770             0.00000000000000000000
             0.02500000037252902985             0.02500000037252902985             0.00000000000000000000             0.00000000000000000000             0.00000000000000000000             1.00000000000000000000             4.46250006649643182755             0.00000000000000000000
             0.02500000037252902985             0.02500000037252902985             0.00000000000000000000             0.00000000000000000000             0.00000000000000000000             1.00000000000000000000             4.48750006686896085739             0.00000000000000000000
             0.02500000037252902985             0.02500000037252902985             0.00000000000000000000             0.00000000000000000000             0.00000000000000000000             1.00000000000000000000             4.51250006724148988724             0.00000000000000000000
             0.02500000037252902985             0.02500000037252902985             0.00000000000000000000             0.00000000000000000000             0.00000000000000000000             1.00000000000000000000             4.53750006761401891708             0.00000000000000000000
             0.02500000037252902985             0.02500000037252902985             0.00000000000000000000             0.00000000000000000000             0.00000000000000000000             1.00000000000000000000             4.56250006798654794693             0.00000000000000000000
             0.02500000037252902985             0.02500000037252902985             0.00000000000000000000             0.00000000000000000000             0.00000000000000000000             1.00000000000000000000             4.58750006835907697678             0.00000000000000000000
             0.02500000037252902985             0.02500000037252902985             0.00000000000000000000             0.00000000000000000000             0.00000000000000000000             1.00000000000000000000             4.61250006873160600662             0.00000000000000000000
             0.02500000037252902985             0.02500000037252902985             0.00000000000000000000             0.00000000000000000000             0.00000000000000000000             1.00000000000000000000             4.63750006910413503647             0.00000000000000000000
             0.02500000037252902985             0.02500000037252902985             0.00000000000000000000             0.00000000000000000000             0.00000000000000000000             1.00000000000000000000             4.66250006947666406631             0.00000000000000000000
             0.02500000037252902985             0.02500000037252902985             0.00000000000000000000             0.00000000000000000000             0.00000000000000000000             1.00000000000000000000             4.68750006984919309616             0.00000000000000000000
             0.02500000037252902985             0.02500000037252902985             0.00000000000000000000             0.00000000000000000000             0.00000000000000000000             1.00000000000000000000             4.71250007022172212601             0.00000000000000000000
             0.02500000037252902985             0.02500000037252902985             0.00000000000000000000             0.00000000000000000000             0.00000000000000000000             1.00000000000000000000             4.73750007059425115585             0.00000000000000000000
             0.02500000037252902985             0.02500000037252902985             0.00000000000000000000             0.00000000000000000000             0.00000000000000000000             1.00000000000000000000             4.76250007096678018570             0.00000000000000000000
             0.02500000037252902985             0.02500000037252902985             0.00000000000000000000             0.00000000000000000000             0.00000000000000000000             1.00000000000000000000             4.78750007133930921555             0.00000000000000000000
             0.02500000037252902985             0.02500000037252902985             0.00000000000000000000             0.00000000000000000000             0.00000000000000000000             1.00000000000000000000             4.81250007171183824539             0.00000000000000000000
             0.02500000037252902985             0.02500000037252902985             0.00000000000000000000             0.00000000000000000000             0.00000000000000000000             1.00000000000000000000             4.83750007208436727524             0.00000000000000000000
             0.02500000037252902985             0.02500000037252902985             0.00000000000000000000             0.00000000000000000000             0.00000000000000000000             1.00000000000000000000             4.86250007245689630508             0.00000000000000000000
             0.02500000037252902985             0.02500000037252902985             0.00000000000000000000             0.00000000000000000000             0.00000000000000000000             1.00000000000000000000             4.88750007282942533493             0.00000000000000000000
             0.02500000037252902985             0.02500000037252902985             0.00000000000000000000             0.00000000000000000000             0.00000000000000000000             1.00000000000000000000             4.91250007320195436478             0.00000000000000000000
             0.02500000037252902985             0.02500000037252902985             0.00000000000000000000             0.00000000000000000000             0.00000000000000000000             1.00000000000000000000             4.93750007357448339462             0.00000000000000000000
             0.02500000037252902985             0.02500000037252902985             0.00000000000000000000             0.00000000000000000000             0.00000000000000000000             1.00000000000000000000             4.96250007394701242447             0.00000000000000000000
             0.02500000037252902985             0.02500000037252902985             0.00000000000000000000             0.00000000000000000000             0.00000000000000000000             1.00000000000000000000             4.98750007431954145432             0.00000000000000000000
             0.02500000037252902985             0.02500000037252902985             0.00000000000000000000             0.00000000000000000000             0.00000000000000000000             1.00000000000000000000             5.01250007469207048416             0.00000000000000000000
             0.02500000037252902985             0.02500000037252902985             0.00000000000000000000             0.00000000000000000000             0.00000000000000000000             1.00000000000000000000             5.03750007506459951401             0.00000000000000000000
             0.02500000037252902985             0.02500000037252902985             0.00000000000000000000             0.00000000000000000000             0.00000000000000000000             1.00000000000000000000             5.06250007543712854385             0.00000000000000000000
             0.02500000037252902985             0.02500000037252902985             0.00000000000000000000             0.00000000000000000000             0.00000000000000000000             1.00000000000000000000             5.08750007580965757370             0.00000000000000000000
             0.02500000037252902985             0.02500000037252902985             0.00000000000000000000             0.00000000000000000000             0.00000000000000000000             1.00000000000000000000             5.11250007618218660355             0.00000000000000000000
             0.02500000037252902985             0.02500000037252902985             0.00000000000000000000             0.00000000000000000000             0.00000000000000000000             1.00000000000000000000             5.13750007655471563339             0.00000000000000000000
             0.02500000037252902985             0.02500000037252902985             0.00000000000000000000             0.00000000000000000000             0.00000000000000000000             1.00000000000000000000             5.16250007692724466324             0.00000000000000000000
             0.02500000037252902985             0.02500000037252902985             0.00000000000000000000             0.00000000000000000000             0.00000000000000000000             1.00000000000000000000             5.18750007729977369308             0.00000000000000000000
             0.02500000037252902985             0.02500000037252902985             0.00000000000000000000             0.00000000000000000000             0.00000000000000000000             1.00000000000000000000             5.21250007767230272293             0.00000000000000000000
             0.02500000037252902985             0.02500000037252902985             0.00000000000000000000             0.00000000000000000000             0.00000000000000000000             1.00000000000000000000             5.23750007804483175278             0.00000000000000000000
             0.02500000037252902985             0.02500000037252902985             0.00000000000000000000             0.00000000000000000000             0.00000000000000000000             1.00000000000000000000             5.26250007841736078262             0.00000000000000000000
             0.02500000037252902985             0.02500000037252902985             0.00000000000000000000             0.00000000000000000000             0.00000000000000000000             1.00000000000000000000             5.28750007878988981247             0.00000000000000000000
             0.02500000037252902985             0.02500000037252902985             0.00000000000000000000             0.00000000000000000000             0.00000000000000000000             1.00000000000000000000             5.31250007916241884232             0.00000000000000000000
             0.02500000037252902985             0.02500000037252902985             0.00000000000000000000             0.00000000000000000000             0.00000000000000000000             1.00000000000000000000             5.33750007953494787216             0.00000000000000000000
             0.02500000037252902985             0.02500000037252902985             0.00000000000000000000             0.00000000000000000000             0.00000000000000000000             1.00000000000000000000             5.36250007990747690201             0.00000000000000000000
             0.02500000037252902985             0.02500000037252902985             0.00000000000000000000             0.00000000000000000000             0.00000000000000000000             1.00000000000000000000             5.38750008028000593185             0.00000000000000000000
             0.02500000037252902985             0.02500000037252902985             0.00000000000000000000             0.00000000000000000000             0.00000000000000000000             1.00000000000000000000             5.41250008065253496170             0.00000000000000000000
             0.02500000037252902985             0.02500000037252902985             0.00000000000000000000             0.00000000000000000000             0.00000000000000000000             1.00000000000000000000             5.43750008102506399155             0.00000000000000000000
             0.02500000037252902985             0.02500000037252902985             0.00000000000000000000             0.00000000000000000000             0.00000000000000000000             1.00000000000000000000             5.46250008139759302139             0.00000000000000000000
             0.02500000037252902985             0.02500000037252902985             0.00000000000000000000             0.00000000000000000000             0.00000000000000000000             1.00000000000000000000             5.48750008177012205124             0.00000000000000000000
             0.02500000037252902985             0.02500000037252902985             0.00000000000000000000             0.00000000000000000000             0.00000000000000000000             1.00000000000000000000             5.51250008214265108109             0.00000000000000000000
             0.02500000037252902985             0.02500000037252902985             0.00000000000000000000             0.00000000000000000000             0.00000000000000000000             1.00000000000000000000             5.53750008251518011093             0.00000000000000000000
             0.02500000037252902985             0.02500000037252902985             0.00000000000000000000             0.00000000000000000000             0.00000000000000000000             1.00000000000000000000             5.56250008288770914078             0.00000000000000000000
             0.02500000037252902985             0.02500000037252902985             0.00000000000000000000             0.00000000000000000000             0.00000000000000000000             1.00000000000000000000             5.58750008326023817062             0.00000000000000000000
             0.02500000037252902985             0.02500000037252902985             0.00000000000000000000             0.00000000000000000000             0.00000000000000000000             1.00000000000000000000             5.61250008363276720047             0.00000000000000000000
             0.02500000037252902985             0.02500000037252902985             0.00000000000000000000             0.00000000000000000000             0.00000000000000000000             1.00000000000000000000             5.63750008400529623032             0.00000000000000000000
             0.02500000037252902985             0.02500000037252902985             0.00000000000000000000             0.00000000000000000000             0.00000000000000000000             1.00000000000000000000             5.66250008437782526016             0.00000000000000000000
             0.02500000037252902985             0.02500000037252902985             0.00000000000000000000             0.00000000000000000000             0.00000000000000000000             1.00000000000000000000             5.68750008475035429001             0.00000000000000000000
             0.02500000037252902985             0.02500000037252902985             0.00000000000000000000             0.00000000000000000000             0.00000000000000000000             1.00000000000000000000             5.71250008512288331985             0.00000000000000000000
             0.02500000037252902985             0.02500000037252902985             0.00000000000000000000             0.00000000000000000000             0.00000000000000000000             1.00000000000000000000             5.73750008549541234970             0.00000000000000000000
             0.02500000037252902985             0.02500000037252902985             0.00000000000000000000             0.00000000000000000000             0.00000000000000000000             1.00000000000000000000             5.76250008586794137955             0.00000000000000000000
             0.02500000037252902985             0.02500000037252902985             0.00000000000000000000             0.00000000000000000000             0.00000000000000000000             1.00000000000000000000             5.78750008624047040939             0.00000000000000000000
             0.02500000037252902985             0.02500000037252902985             0.00000000000000000000             0.00000000000000000000             0.00000000000000000000             1.00000000000000000000             5.81250008661299943924             0.00000000000000000000
             0.02500000037252902985             0.02500000037252902985             0.00000000000000000000             0.00000000000000000000             0.00000000000000000000             1.00000000000000000000             5.83750008698552846909             0.00000000000000000000
             0.02500000037252902985             0.02500000037252902985             0.00000000000000000000             0.00000000000000000000             0.00000000000000000000             1.00000000000000000000             5.86250008735805749893             0.00000000000000000000
             0.02500000037252902985             0.02500000037252902985             0.00000000000000000000             0.00000000000000000000             0.00000000000000000000             1.00000000000000000000             5.88750008773058652878             0.00000000000000000000
             0.02500000037252902985             0.02500000037252902985             0.00000000000000000000             0.00000000000000000000             0.00000000000000000000             1.00000000000000000000             5.91250008810311555862             0.00000000000000000000
             0.02500000037252902985             0.02500000037252902985             0.00000000000000000000             0.00000000000000000000             0.00000000000000000000             1.00000000000000000000             5.93750008847564458847             0.00000000000000000000
             0.02500000037252902985             0.02500000037252902985             0.00000000000000000000             0.00000000000000000000             0.00000000000000000000             1.00000000000000000000             5.96250008884817361832             0.00000000000000000000
             0.02500000037252902985             0.02500000037252902985             0.00000000000000000000             0.00000000000000000000             0.00000000000000000000             1.00000000000000000000             5.98750008922070264816             0.00000000000000000000
             0.02500000037252902985             0.02500000037252902985             0.00000000000000000000             0.00000000000000000000             0.00000000000000000000             1.00000000000000000000             6.01250008959323167801             0.00000000000000000000
             0.02500000037252902985             0.02500000037252902985             0.00000000000000000000             0.00000000000000000000             0.00000000000000000000             1.00000000000000000000             6.03750008996576070786             0.00000000000000000000
             0.02500000037252902985             0.02500000037252902985             0.00000000000000000000             0.00000000000000000000             0.00000000000000000000             1.00000000000000000000             6.06250009033828973770             0.00000000000000000000
             0.02500000037252902985             0.02500000037252902985             0.00000000000000000000             0.00000000000000000000             0.00000000000000000000             1.00000000000000000000             6.08750009071081876755             0.00000000000000000000
             0.02500000037252902985             0.02500000037252902985             0.00000000000000000000             0.00000000000000000000             0.00000000000000000000             1.00000000000000000000             6.11250009108334779739             0.00000000000000000000
             0.02500000037252902985             0.02500000037252902985             0.00000000000000000000             0.00000000000000000000             0.00000000000000000000             1.00000000000000000000             6.13750009145587682724             0.00000000000000000000
             0.02500000037252902985             0.02500000037252902985             0.00000000000000000000             0.00000000000000000000             0.00000000000000000000             1.00000000000000000000             6.16250009182840585709             0.00000000000000000000
             0.02500000037252902985             0.02500000037252902985             0.00000000000000000000             0.00000000000000000000             0.00000000000000000000             1.00000000000000000000             6.18750009220093488693             0.00000000000000000000
             0.02500000037252902985             0.02500000037252902985             0.00000000000000000000             0.00000000000000000000             0.00000000000000000000             1.00000000000000000000             6.21250009257346391678             0.00000000000000000000
             0.02500000037252902985             0.02500000037252902985             0.00000000000000000000             0.00000000000000000000             0.00000000000000000000             1.00000000000000000000             6.23750009294599294662             0.00000000000000000000
             0.00000000000000000000
