                    250
             0.02500000037252902985             0.02500000037252902985             0.00000000000000000000             0.00000000000000000000             0.00000000000000000000             1.00000000000000000000            12.51250000763684511185             0.00000000000000000000
             0.02500000037252902985             0.02500000037252902985             0.00000000000000000000             0.00000000000000000000             0.00000000000000000000             1.00000000000000000000            12.53750000800937414169             0.00000000000000000000
             0.02500000037252902985             0.02500000037252902985             0.00000000000000000000             0.00000000000000000000             0.00000000000000000000             1.00000000000000000000            12.56250000838190317154             0.00000000000000000000
             0.02500000037252902985             0.02500000037252902985             0.00000000000000000000             0.00000000000000000000             0.00000000000000000000             1.00000000000000000000            12.58750000875443220139             0.00000000000000000000
             0.02500000037252902985             0.02500000037252902985             0.00000000000000000000             0.00000000000000000000             0.00000000000000000000             1.00000000000000000000            12.61250000912696123123             0.00000000000000000000
             0.02500000037252902985             0.02500000037252902985             0.00000000000000000000             0.00000000000000000000             0.00000000000000000000             1.00000000000000000000            12.63750000949949026108             0.00000000000000000000
             0.02500000037252902985             0.02500000037252902985             0.00000000000000000000             0.00000000000000000000             0.00000000000000000000             1.00000000000000000000            12.66250000987201929092             0.00000000000000000000
             0.02500000037252902985             0.02500000037252902985             0.00000000000000000000             0.00000000000000000000             0.00000000000000000000             1.00000000000000000000            12.68750001024454832077             0.00000000000000000000
             0.02500000037252902985             0.02500000037252902985             0.00000000000000000000             0.00000000000000000000             0.00000000000000000000             1.00000000000000000000            12.71250001061707735062             0.00000000000000000000
             0.02500000037252902985             0.02500000037252902985             0.00000000000000000000             0.00000000000000000000             0.00000000000000000000             1.00000000000000000000            12.73750001098960638046             0.00000000000000000000
             0.02500000037252902985             0.02500000037252902985             0.00000000000000000000             0.00000000000000000000             0.00000000000000000000             1.00000000000000000000            12.76250001136213541031             0.00000000000000000000
             0.02500000037252902985             0.02500000037252902985             0.00000000000000000000             0.00000000000000000000             0.00000000000000000000             1.00000000000000000000            12.78750001173466444016             0.00000000000000000000
             0.02500000037252902985             0.02500000037252902985             0.00000000000000000000             0.00000000000000000000             0.00000000000000000000             1.00000000000000000000            12.81250001210719347000             0.00000000000000000000
             0.02500000037252902985             0.02500000037252902985             0.00000000000000000000             0.00000000000000000000             0.00000000000000000000             1.00000000000000000000            12.83750001247972249985             0.00000000000000000000
             0.02500000037252902985             0.02500000037252902985             0.00000000000000000000             0.00000000000000000000             0.00000000000000000000             1.00000000000000000000            12.86250001285225152969             0.00000000000000000000
             0.02500000037252902985             0.02500000037252902985             0.00000000000000000000             0.00000000000000000000             0.00000000000000000000             1.00000000000000000000            12.88750001322478055954             0.00000000000000000000
             0.02500000037252902985             0.02500000037252902985             0.00000000000000000000             0.00000000000000000000             0.00000000000000000000             1.00000000000000000000            12.91250001359730958939             0.00000000000000000000
             0.02500000037252902985             0.02500000037252902985             0.00000000000000000000             0.00000000000000000000             0.00000000000000000000             1.00000000000000000000            12.93750001396983861923             0.00000000000000000000
             0.02500000037252902985             0.02500000037252902985             0.00000000000000000000             0.00000000000000000000             0.00000000000000000000             1.00000000000000000000            12.96250001434236764908             0.00000000000000000000
             0.02500000037252902985             0.02500000037252902985             0.00000000000000000000             0.00000000000000000000             0.00000000000000000000             1.00000000000000000000            12.98750001471489667892             0.00000000000000000000
             0.02500000037252902985             0.02500000037252902985             0.00000000000000000000             0.00000000000000000000             0.00000000000000000000             1.00000000000000000000            13.01250001508742570877             0.00000000000000000000
             0.02500000037252902985             0.02500000037252902985             0.00000000000000000000             0.00000000000000000000             0.00000000000000000000             1.00000000000000000000            13.03750001545995473862             0.00000000000000000000
             0.02500000037252902985             0.02500000037252902985             0.00000000000000000000             0.00000000000000000000             0.00000000000000000000             1.00000000000000000000            13.06250001583248376846             0.00000000000000000000
             0.02500000037252902985             0.02500000037252902985             0.00000000000000000000             0.00000000000000000000             0.00000000000000000000             1.00000000000000000000            13.08750001620501279831             0.00000000000000000000
             0.02500000037252902985             0.02500000037252902985             0.00000000000000000000             0.00000000000000000000             0.00000000000000000000             1.00000000000000000000            13.11250001657754182816             0.00000000000000000000
             0.02500000037252902985             0.02500000037252902985             0.00000000000000000000             0.00000000000000000000             0.00000000000000000000             1.00000000000000000000            13.13750001695007085800             0.00000000000000000000
             0.02500000037252902985             0.02500000037252902985             0.00000000000000000000             0.00000000000000000000             0.00000000000000000000             1.00000000000000000000            13.16250001732259988785             0.00000000000000000000
             0.02500000037252902985             0.02500000037252902985             0.00000000000000000000             0.00000000000000000000             0.00000000000000000000             1.00000000000000000000            13.18750001769512891769             0.00000000000000000000
             0.02500000037252902985             0.02500000037252902985             0.00000000000000000000             0.00000000000000000000             0.00000000000000000000             1.00000000000000000000            13.21250001806765794754             0.00000000000000000000
             0.02500000037252902985             0.02500000037252902985             0.00000000000000000000             0.00000000000000000000             0.00000000000000000000             1.00000000000000000000            13.23750001844018697739             0.00000000000000000000
             0.02500000037252902985             0.02500000037252902985             0.00000000000000000000             0.00000000000000000000             0.00000000000000000000             1.00000000000000000000            13.26250001881271600723             0.00000000000000000000
             0.02500000037252902985             0.02500000037252902985             0.00000000000000000000             0.00000000000000000000             0.00000000000000000000             1.00000000000000000000            13.28750001918524503708             0.00000000000000000000
             0.02500000037252902985             0.02500000037252902985             0.00000000000000000000             0.00000000000000000000             0.00000000000000000000             1.00000000000000000000            13.31250001955777406693             0.00000000000000000000
             0.02500000037252902985             0.02500000037252902985             0.00000000000000000000             0.00000000000000000000             0.00000000000000000000             1.00000000000000000000            13.33750001993030309677             0.00000000000000000000
             0.02500000037252902985             0.02500000037252902985             0.00000000000000000000             0.00000000000000000000             0.00000000000000000000             1.00000000000000000000            13.36250002030283212662             0.00000000000000000000
             0.02500000037252902985             0.02500000037252902985             0.00000000000000000000             0.00000000000000000000             0.00000000000000000000             1.00000000000000000000            13.38750002067536115646             0.00000000000000000000
             0.02500000037252902985             0.02500000037252902985             0.00000000000000000000             0.00000000000000000000             0.00000000000000000000             1.00000000000000000000            13.41250002104789018631             0.00000000000000000000
             0.02500000037252902985             0.02500000037252902985             0.00000000000000000000             0.00000000000000000000             0.00000000000000000000             1.00000000000000000000            13.43750002142041921616             0.00000000000000000000
             0.02500000037252902985             0.02500000037252902985             0.00000000000000000000             0.00000000000000000000             0.00000000000000000000             1.00000000000000000000            13.46250002179294824600             0.00000000000000000000
             0.02500000037252902985             0.02500000037252902985             0.00000000000000000000             0.00000000000000000000             0.00000000000000000000             1.00000000000000000000            13.48750002216547727585             0.00000000000000000000
             0.02500000037252902985             0.02500000037252902985             0.00000000000000000000             0.00000000000000000000             0.00000000000000000000             1.00000000000000000000            13.51250002253800630569             0.00000000000000000000
             0.02500000037252902985             0.02500000037252902985             0.00000000000000000000             0.00000000000000000000             0.00000000000000000000             1.00000000000000000000            13.53750002291053533554             0.00000000000000000000
             0.02500000037252902985             0.02500000037252902985             0.00000000000000000000             0.00000000000000000000             0.00000000000000000000             1.00000000000000000000            13.56250002328306436539             0.00000000000000000000
             0.02500000037252902985             0.02500000037252902985             0.00000000000000000000             0.00000000000000000000             0.00000000000000000000             1.00000000000000000000            13.58750002365559339523             0.00000000000000000000
             0.02500000037252902985             0.02500000037252902985             0.00000000000000000000             0.00000000000000000000             0.00000000000000000000             1.00000000000000000000            13.61250002402812242508             0.00000000000000000000
             0.02500000037252902985             0.02500000037252902985             0.00000000000000000000             0.00000000000000000000             0.00000000000000000000             1.00000000000000000000            13.63750002440065145493             0.00000000000000000000
             0.02500000037252902985             0.02500000037252902985             0.00000000000000000000             0.00000000000000000000             0.00000000000000000000             1.00000000000000000000            13.66250002477318048477             0.00000000000000000000
             0.02500000037252902985             0.02500000037252902985             0.00000000000000000000             0.00000000000000000000             0.00000000000000000000             1.00000000000000000000            13.68750002514570951462             0.00000000000000000000
             0.02500000037252902985             0.02500000037252902985             0.00000000000000000000             0.00000000000000000000             0.00000000000000000000             1.00000000000000000000            13.71250002551823854446             0.00000000000000000000
             0.02500000037252902985             0.02500000037252902985             0.00000000000000000000             0.00000000000000000000             0.00000000000000000000             1.00000000000000000000            13.73750002589076757431             0.00000000000000000000
             0.02500000037252902985             0.02500000037252902985             0.00000000000000000000             0.00000000000000000000             0.00000000000000000000             1.00000000000000000000            13.76250002626329660416             0.00000000000000000000
             0.02500000037252902985             0.02500000037252902985             0.00000000000000000000             0.00000000000000000000             0.00000000000000000000             1.00000000000000000000            13.78750002663582563400             0.00000000000000000000
             0.02500000037252902985             0.02500000037252902985             0.00000000000000000000             0.00000000000000000000             0.00000000000000000000             1.00000000000000000000            13.81250002700835466385             0.00000000000000000000
             0.02500000037252902985             0.02500000037252902985             0.00000000000000000000             0.00000000000000000000             0.00000000000000000000             1.00000000000000000000            13.83750002738088369370             0.00000000000000000000
             0.02500000037252902985             0.02500000037252902985             0.00000000000000000000             0.00000000000000000000             0.00000000000000000000             1.00000000000000000000            13.86250002775341272354             0.00000000000000000000
             0.02500000037252902985             0.02500000037252902985             0.00000000000000000000             0.00000000000000000000             0.00000000000000000000             1.00000000000000000000            13.88750002812594175339             0.00000000000000000000
             0.02500000037252902985             0.02500000037252902985             0.00000000000000000000             0.00000000000000000000             0.00000000000000000000             1.00000000000000000000            13.91250002849847078323             0.00000000000000000000
             0.02500000037252902985             0.02500000037252902985             0.00000000000000000000             0.00000000000000000000             0.00000000000000000000             1.00000000000000000000            13.93750002887099981308             0.00000000000000000000
             0.02500000037252902985             0.02500000037252902985             0.00000000000000000000             0.00000000000000000000             0.00000000000000000000             1.00000000000000000000            13.96250002924352884293             0.00000000000000000000
             0.02500000037252902985             0.02500000037252902985             0.00000000000000000000             0.00000000000000000000             0.00000000000000000000             1.00000000000000000000            13.98750002961605787277             0.00000000000000000000
             0.02500000037252902985             0.02500000037252902985             0.00000000000000000000             0.00000000000000000000             0.00000000000000000000             1.00000000000000000000            14.01250002998858690262             0.00000000000000000000
             0.02500000037252902985             0.02500000037252902985             0.00000000000000000000             0.00000000000000000000             0.00000000000000000000             1.00000000000000000000            14.03750003036111593246             0.00000000000000000000
             0.02500000037252902985             0.02500000037252902985             0.00000000000000000000             0.00000000000000000000             0.00000000000000000000             1.00000000000000000000            14.06250003073364496231             0.00000000000000000000
             0.02500000037252902985             0.02500000037252902985             0.00000000000000000000             0.00000000000000000000             0.00000000000000000000             1.00000000000000000000            14.08750003110617399216             0.00000000000000000000
             0.02500000037252902985             0.02500000037252902985             0.00000000000000000000             0.00000000000000000000             0.00000000000000000000             1.00000000000000000000            14.11250003147870302200             0.00000000000000000000
             0.02500000037252902985             0.02500000037252902985             0.00000000000000000000             0.00000000000000000000             0.00000000000000000000             1.00000000000000000000            14.13750003185123205185             0.00000000000000000000
             0.02500000037252902985             0.02500000037252902985             0.00000000000000000000             0.00000000000000000000             0.00000000000000000000             1.00000000000000000000            14.16250003222376108170             0.00000000000000000000
             0.02500000037252902985             0.02500000037252902985             0.00000000000000000000             0.00000000000000000000             0.00000000000000000000             1.00000000000000000000            14.18750003259629011154             0.00000000000000000000
             0.02500000037252902985             0.02500000037252902985             0.00000000000000000000             0.00000000000000000000             0.00000000000000000000             1.00000000000000000000            14.21250003296881914139             0.00000000000000000000
             0.02500000037252902985             0.02500000037252902985             0.00000000000000000000             0.00000000000000000000             0.00000000000000000000             1.00000000000000000000            14.23750003334134817123             0.00000000000000000000
             0.02500000037252902985             0.02500000037252902985             0.00000000000000000000             0.00000000000000000000             0.00000000000000000000             1.00000000000000000000            14.26250003371387720108             0.00000000000000000000
             0.02500000037252902985             0.02500000037252902985             0.00000000000000000000             0.00000000000000000000             0.00000000000000000000             1.00000000000000000000            14.28750003408640623093             0.00000000000000000000
             0.02500000037252902985             0.02500000037252902985             0.00000000000000000000             0.00000000000000000000             0.00000000000000000000             1.00000000000000000000            14.31250003445893526077             0.00000000000000000000
             0.02500000037252902985             0.02500000037252902985             0.00000000000000000000             0.00000000000000000000             0.00000000000000000000             1.00000000000000000000            14.33750003483146429062             0.00000000000000000000
             0.02500000037252902985             0.02500000037252902985             0.00000000000000000000             0.00000000000000000000             0.00000000000000000000             1.00000000000000000000            14.36250003520399332047             0.00000000000000000000
             0.02500000037252902985             0.02500000037252902985             0.00000000000000000000             0.00000000000000000000             0.00000000000000000000             1.00000000000000000000            14.38750003557652235031             0.00000000000000000000
             0.02500000037252902985             0.02500000037252902985             0.00000000000000000000             0.00000000000000000000             0.00000000000000000000             1.00000000000000000000            14.41250003594905138016             0.00000000000000000000
             0.02500000037252902985             0.02500000037252902985             0.00000000000000000000             0.00000000000000000000             0.00000000000000000000             1.00000000000000000000            14.43750003632158041000             0.00000000000000000000
             0.02500000037252902985             0.02500000037252902985             0.00000000000000000000             0.00000000000000000000             0.00000000000000000000             1.00000000000000000000            14.46250003669410943985             0.00000000000000000000
             0.02500000037252902985             0.02500000037252902985             0.00000000000000000000             0.00000000000000000000             0.00000000000000000000             1.00000000000000000000            14.48750003706663846970             0.00000000000000000000
             0.02500000037252902985             0.02500000037252902985             0.00000000000000000000             0.00000000000000000000             0.00000000000000000000             1.00000000000000000000            14.51250003743916749954             0.00000000000000000000
             0.02500000037252902985             0.02500000037252902985             0.00000000000000000000             0.00000000000000000000             0.00000000000000000000             1.00000000000000000000            14.53750003781169652939             0.00000000000000000000
             0.02500000037252902985             0.02500000037252902985             0.00000000000000000000             0.00000000000000000000             0.00000000000000000000             1.00000000000000000000            14.56250003818422555923             0.00000000000000000000
             0.02500000037252902985             0.02500000037252902985             0.00000000000000000000             0.00000000000000000000             0.00000000000000000000             1.00000000000000000000            14.58750003855675458908             0.00000000000000000000
             0.02500000037252902985             0.02500000037252902985             0.00000000000000000000             0.00000000000000000000             0.00000000000000000000             1.00000000000000000000            14.61250003892928361893             0.00000000000000000000
             0.02500000037252902985             0.02500000037252902985             0.00000000000000000000             0.00000000000000000000             0.00000000000000000000             1.00000000000000000000            14.63750003930181264877             0.00000000000000000000
             0.02500000037252902985             0.02500000037252902985             0.00000000000000000000             0.00000000000000000000             0.00000000000000000000             1.00000000000000000000            14.66250003967434167862             0.00000000000000000000
             0.02500000037252902985             0.02500000037252902985             0.00000000000000000000             0.00000000000000000000             0.00000000000000000000             1.00000000000000000000            14.68750004004687070847             0.00000000000000000000
             0.02500000037252902985             0.02500000037252902985             0.00000000000000000000             0.00000000000000000000             0.00000000000000000000             1.00000000000000000000            14.71250004041939973831             0.00000000000000000000
             0.02500000037252902985             0.02500000037252902985             0.00000000000000000000             0.00000000000000000000             0.00000000000000000000             1.00000000000000000000            14.73750004079192876816             0.00000000000000000000
             0.02500000037252902985             0.02500000037252902985             0.00000000000000000000             0.00000000000000000000             0.00000000000000000000             1.00000000000000000000            14.76250004116445779800             0.00000000000000000000
             0.02500000037252902985             0.02500000037252902985             0.00000000000000000000             0.00000000000000000000             0.00000000000000000000             1.00000000000000000000            14.78750004153698682785             0.00000000000000000000
             0.02500000037252902985             0.02500000037252902985             0.00000000000000000000             0.00000000000000000000             0.00000000000000000000             1.00000000000000000000            14.81250004190951585770             0.00000000000000000000
             0.02500000037252902985             0.02500000037252902985             0.00000000000000000000             0.00000000000000000000             0.00000000000000000000             1.00000000000000000000            14.83750004228204488754             0.00000000000000000000
             0.02500000037252902985             0.02500000037252902985             0.00000000000000000000             0.00000000000000000000             0.00000000000000000000             1.00000000000000000000            14.86250004265457391739             0.00000000000000000000
             0.02500000037252902985             0.02500000037252902985             0.00000000000000000000             0.00000000000000000000             0.00000000000000000000             1.00000000000000000000            14.88750004302710294724             0.00000000000000000000
             0.02500000037252902985             0.02500000037252902985             0.00000000000000000000             0.00000000000000000000             0.00000000000000000000             1.00000000000000000000            14.91250004339963197708             0.00000000000000000000
             0.02500000037252902985             0.02500000037252902985             0.00000000000000000000             0.00000000000000000000             0.00000000000000000000             1.00000000000000000000            14.93750004377216100693             0.00000000000000000000
             0.02500000037252902985             0.02500000037252902985             0.00000000000000000000             0.00000000000000000000             0.00000000000000000000             1.00000000000000000000            14.96250004414469003677             0.00000000000000000000
             0.02500000037252902985             0.02500000037252902985             0.00000000000000000000             0.00000000000000000000             0.00000000000000000000             1.00000000000000000000            14.98750004451721906662             0.00000000000000000000
             0.02500000037252902985             0.02500000037252902985             0.00000000000000000000             0.00000000000000000000             0.00000000000000000000             1.00000000000000000000            15.01250004488974809647             0.00000000000000000000
             0.02500000037252902985             0.02500000037252902985             0.00000000000000000000             0.00000000000000000000             0.00000000000000000000             1.00000000000000000000            15.03750004526227712631             0.00000000000000000000
             0.02500000037252902985             0.02500000037252902985             0.00000000000000000000             0.00000000000000000000             0.00000000000000000000             1.00000000000000000000            15.06250004563480615616             0.00000000000000000000
             0.02500000037252902985             0.02500000037252902985             0.00000000000000000000             0.00000000000000000000             0.00000000000000000000             1.00000000000000000000            15.08750004600733518600             0.00000000000000000000
             0.02500000037252902985             0.02500000037252902985             0.00000000000000000000             0.00000000000000000000             0.00000000000000000000             1.00000000000000000000            15.11250004637986421585             0.00000000000000000000
             0.02500000037252902985             0.02500000037252902985             0.00000000000000000000             0.00000000000000000000             0.00000000000000000000             1.00000000000000000000            15.13750004675239324570             0.00000000000000000000
             0.02500000037252902985             0.02500000037252902985             0.00000000000000000000             0.00000000000000000000             0.00000000000000000000             1.00000000000000000000            15.16250004712492227554             0.00000000000000000000
             0.02500000037252902985             0.02500000037252902985             0.00000000000000000000             0.00000000000000000000             0.00000000000000000000             1.00000000000000000000            15.18750004749745130539             0.00000000000000000000
             0.02500000037252902985             0.02500000037252902985             0.00000000000000000000             0.00000000000000000000             0.00000000000000000000             1.00000000000000000000            15.21250004786998033524             0.00000000000000000000
             0.02500000037252902985             0.02500000037252902985             0.00000000000000000000             0.00000000000000000000             0.00000000000000000000             1.00000000000000000000            15.23750004824250936508             0.00000000000000000000
             0.02500000037252902985             0.02500000037252902985             0.00000000000000000000             0.00000000000000000000             0.00000000000000000000             1.00000000000000000000            15.26250004861503839493             0.00000000000000000000
             0.02500000037252902985             0.02500000037252902985             0.00000000000000000000             0.00000000000000000000             0.00000000000000000000             1.00000000000000000000            15.28750004898756742477             0.00000000000000000000
             0.02500000037252902985             0.02500000037252902985             0.00000000000000000000             0.00000000000000000000             0.00000000000000000000             1.00000000000000000000            15.31250004936009645462             0.00000000000000000000
             0.02500000037252902985             0.02500000037252902985             0.00000000000000000000             0.00000000000000000000             0.00000000000000000000             1.00000000000000000000            15.33750004973262548447             0.00000000000000000000
             0.02500000037252902985             0.02500000037252902985             0.00000000000000000000             0.00000000000000000000             0.00000000000000000000             1.00000000000000000000            15.36250005010515451431             0.00000000000000000000
             0.02500000037252902985             0.02500000037252902985             0.00000000000000000000             0.00000000000000000000             0.00000000000000000000             1.00000000000000000000            15.38750005047768354416             0.00000000000000000000
             0.02500000037252902985             0.02500000037252902985             0.00000000000000000000             0.00000000000000000000             0.00000000000000000000             1.00000000000000000000            15.41250005085021257401             0.00000000000000000000
             0.02500000037252902985             0.02500000037252902985             0.00000000000000000000             0.00000000000000000000             0.00000000000000000000             1.00000000000000000000            15.43750005122274160385             0.00000000000000000000
             0.02500000037252902985             0.02500000037252902985             0.00000000000000000000             0.00000000000000000000             0.00000000000000000000             1.00000000000000000000            15.46250005159527063370             0.00000000000000000000
             0.02500000037252902985             0.02500000037252902985             0.00000000000000000000             0.00000000000000000000             0.00000000000000000000             1.00000000000000000000            15.48750005196779966354             0.00000000000000000000
             0.02500000037252902985             0.02500000037252902985             0.00000000000000000000             0.00000000000000000000             0.00000000000000000000             1.00000000000000000000            15.51250005234032869339             0.00000000000000000000
             0.02500000037252902985             0.02500000037252902985             0.00000000000000000000             0.00000000000000000000             0.00000000000000000000             1.00000000000000000000            15.53750005271285772324             0.00000000000000000000
             0.02500000037252902985             0.02500000037252902985             0.00000000000000000000             0.00000000000000000000             0.00000000000000000000             1.00000000000000000000            15.56250005308538675308             0.00000000000000000000
             0.02500000037252902985             0.02500000037252902985             0.00000000000000000000             0.00000000000000000000             0.00000000000000000000             1.00000000000000000000            15.58750005345791578293             0.00000000000000000000
             0.02500000037252902985             0.02500000037252902985             0.00000000000000000000             0.00000000000000000000             0.00000000000000000000             1.00000000000000000000            15.61250005383044481277             0.00000000000000000000
             0.02500000037252902985             0.02500000037252902985             0.00000000000000000000             0.00000000000000000000             0.00000000000000000000             1.00000000000000000000            15.63750005420297384262             0.00000000000000000000
             0.02500000037252902985             0.02500000037252902985             0.00000000000000000000             0.00000000000000000000             0.00000000000000000000             1.00000000000000000000            15.66250005457550287247             0.00000000000000000000
             0.02500000037252902985             0.02500000037252902985             0.00000000000000000000             0.00000000000000000000             0.00000000000000000000             1.00000000000000000000            15.68750005494803190231             0.00000000000000000000
             0.02500000037252902985             0.02500000037252902985             0.00000000000000000000             0.00000000000000000000             0.00000000000000000000             1.00000000000000000000            15.71250005532056093216             0.00000000000000000000
             0.02500000037252902985             0.02500000037252902985             0.00000000000000000000             0.00000000000000000000             0.00000000000000000000             1.00000000000000000000            15.73750005569308996201             0.00000000000000000000
             0.02500000037252902985             0.02500000037252902985             0.00000000000000000000             0.00000000000000000000             0.00000000000000000000             1.00000000000000000000            15.76250005606561899185             0.00000000000000000000
             0.02500000037252902985             0.02500000037252902985             0.00000000000000000000             0.00000000000000000000             0.00000000000000000000             1.00000000000000000000            15.78750005643814802170             0.00000000000000000000
             0.02500000037252902985             0.02500000037252902985             0.00000000000000000000             0.00000000000000000000             0.00000000000000000000             1.00000000000000000000            15.81250005681067705154             0.00000000000000000000
             0.02500000037252902985             0.02500000037252902985             0.00000000000000000000             0.00000000000000000000             0.00000000000000000000             1.00000000000000000000            15.83750005718320608139             0.00000000000000000000
             0.02500000037252902985             0.02500000037252902985             0.00000000000000000000             0.00000000000000000000             0.00000000000000000000             1.00000000000000000000            15.86250005755573511124             0.00000000000000000000
             0.02500000037252902985             0.02500000037252902985             0.00000000000000000000             0.00000000000000000000             0.00000000000000000000             1.00000000000000000000            15.88750005792826414108             0.00000000000000000000
             0.02500000037252902985             0.02500000037252902985             0.00000000000000000000             0.00000000000000000000             0.00000000000000000000             1.00000000000000000000            15.91250005830079317093             0.00000000000000000000
             0.02500000037252902985             0.02500000037252902985             0.00000000000000000000             0.00000000000000000000             0.00000000000000000000             1.00000000000000000000            15.93750005867332220078             0.00000000000000000000
             0.02500000037252902985             0.02500000037252902985             0.00000000000000000000             0.00000000000000000000             0.00000000000000000000             1.00000000000000000000            15.96250005904585123062             0.00000000000000000000
             0.02500000037252902985             0.02500000037252902985             0.00000000000000000000             0.00000000000000000000             0.00000000000000000000             1.00000000000000000000            15.98750005941838026047             0.00000000000000000000
             0.02500000037252902985             0.02500000037252902985             0.00000000000000000000             0.00000000000000000000             0.00000000000000000000             1.00000000000000000000            16.01250005979090929031             0.00000000000000000000
             0.02500000037252902985             0.02500000037252902985             0.00000000000000000000             0.00000000000000000000             0.00000000000000000000             1.00000000000000000000            16.03750006016343832016             0.00000000000000000000
             0.02500000037252902985             0.02500000037252902985             0.00000000000000000000             0.00000000000000000000             0.00000000000000000000             1.00000000000000000000            16.06250006053596735001             0.00000000000000000000
             0.02500000037252902985             0.02500000037252902985             0.00000000000000000000             0.00000000000000000000             0.00000000000000000000             1.00000000000000000000            16.08750006090849637985             0.00000000000000000000
             0.02500000037252902985             0.02500000037252902985             0.00000000000000000000             0.00000000000000000000             0.00000000000000000000             1.00000000000000000000            16.11250006128102540970             0.00000000000000000000
             0.02500000037252902985             0.02500000037252902985             0.00000000000000000000             0.00000000000000000000             0.00000000000000000000             1.00000000000000000000            16.13750006165355443954             0.00000000000000000000
             0.02500000037252902985             0.02500000037252902985             0.00000000000000000000             0.00000000000000000000             0.00000000000000000000             1.00000000000000000000            16.16250006202608346939             0.00000000000000000000
             0.02500000037252902985             0.02500000037252902985             0.00000000000000000000             0.00000000000000000000             0.00000000000000000000             1.00000000000000000000            16.18750006239861249924             0.00000000000000000000
             0.02500000037252902985             0.02500000037252902985             0.00000000000000000000             0.00000000000000000000             0.00000000000000000000             1.00000000000000000000            16.21250006277114152908             0.00000000000000000000
             0.02500000037252902985             0.02500000037252902985             0.00000000000000000000             0.00000000000000000000             0.00000000000000000000             1.00000000000000000000            16.23750006314367055893             0.00000000000000000000
             0.02500000037252902985             0.02500000037252902985             0.00000000000000000000             0.00000000000000000000             0.00000000000000000000             1.00000000000000000000            16.26250006351619958878             0.00000000000000000000
             0.02500000037252902985             0.02500000037252902985             0.00000000000000000000             0.00000000000000000000             0.00000000000000000000             1.00000000000000000000            16.28750006388872861862             0.00000000000000000000
             0.02500000037252902985             0.02500000037252902985             0.00000000000000000000             0.00000000000000000000             0.00000000000000000000             1.00000000000000000000            16.31250006426125764847             0.00000000000000000000
             0.02500000037252902985             0.02500000037252902985             0.00000000000000000000             0.00000000000000000000             0.00000000000000000000             1.00000000000000000000            16.33750006463378667831             0.00000000000000000000
             0.02500000037252902985             0.02500000037252902985             0.00000000000000000000             0.00000000000000000000             0.00000000000000000000             1.00000000000000000000            16.36250006500631570816             0.00000000000000000000
             0.02500000037252902985             0.02500000037252902985             0.00000000000000000000             0.00000000000000000000             0.00000000000000000000             1.00000000000000000000            16.38750006537884473801             0.00000000000000000000
             0.02500000037252902985             0.02500000037252902985             0.00000000000000000000             0.00000000000000000000             0.00000000000000000000             1.00000000000000000000            16.41250006575137376785             0.00000000000000000000
             0.02500000037252902985             0.02500000037252902985             0.00000000000000000000             0.00000000000000000000             0.00000000000000000000             1.00000000000000000000            16.43750006612390279770             0.00000000000000000000
             0.02500000037252902985             0.02500000037252902985             0.00000000000000000000             0.00000000000000000000             0.00000000000000000000             1.00000000000000000000            16.46250006649643182755             0.00000000000000000000
             0.02500000037252902985             0.02500000037252902985             0.00000000000000000000             0.00000000000000000000             0.00000000000000000000             1.00000000000000000000            16.48750006686896085739             0.00000000000000000000
             0.02500000037252902985             0.02500000037252902985             0.00000000000000000000             0.00000000000000000000             0.00000000000000000000             1.00000000000000000000            16.51250006724148988724             0.00000000000000000000
             0.02500000037252902985             0.02500000037252902985             0.00000000000000000000             0.00000000000000000000             0.00000000000000000000             1.00000000000000000000            16.53750006761401891708             0.00000000000000000000
             0.02500000037252902985             0.02500000037252902985             0.00000000000000000000             0.00000000000000000000             0.00000000000000000000             1.00000000000000000000            16.56250006798654794693             0.00000000000000000000
             0.02500000037252902985             0.02500000037252902985             0.00000000000000000000             0.00000000000000000000             0.00000000000000000000             1.00000000000000000000            16.58750006835907697678             0.00000000000000000000
             0.02500000037252902985             0.02500000037252902985             0.00000000000000000000             0.00000000000000000000             0.00000000000000000000             1.00000000000000000000            16.61250006873160600662             0.00000000000000000000
             0.02500000037252902985             0.02500000037252902985             0.00000000000000000000             0.00000000000000000000             0.00000000000000000000             1.00000000000000000000            16.63750006910413503647             0.00000000000000000000
             0.02500000037252902985             0.02500000037252902985             0.00000000000000000000             0.00000000000000000000             0.00000000000000000000             1.00000000000000000000            16.66250006947666406631             0.00000000000000000000
             0.02500000037252902985             0.02500000037252902985             0.00000000000000000000             0.00000000000000000000             0.00000000000000000000             1.00000000000000000000            16.68750006984919309616             0.00000000000000000000
             0.02500000037252902985             0.02500000037252902985             0.00000000000000000000             0.00000000000000000000             0.00000000000000000000             1.00000000000000000000            16.71250007022172212601             0.00000000000000000000
             0.02500000037252902985             0.02500000037252902985             0.00000000000000000000             0.00000000000000000000             0.00000000000000000000             1.00000000000000000000            16.73750007059425115585             0.00000000000000000000
             0.02500000037252902985             0.02500000037252902985             0.00000000000000000000             0.00000000000000000000             0.00000000000000000000             1.00000000000000000000            16.76250007096678018570             0.00000000000000000000
             0.02500000037252902985             0.02500000037252902985             0.00000000000000000000             0.00000000000000000000             0.00000000000000000000             1.00000000000000000000            16.78750007133930921555             0.00000000000000000000
             0.02500000037252902985             0.02500000037252902985             0.00000000000000000000             0.00000000000000000000             0.00000000000000000000             1.00000000000000000000            16.81250007171183824539             0.00000000000000000000
             0.02500000037252902985             0.02500000037252902985             0.00000000000000000000             0.00000000000000000000             0.00000000000000000000             1.00000000000000000000            16.83750007208436727524             0.00000000000000000000
             0.02500000037252902985             0.02500000037252902985             0.00000000000000000000             0.00000000000000000000             0.00000000000000000000             1.00000000000000000000            16.86250007245689630508             0.00000000000000000000
             0.02500000037252902985             0.02500000037252902985             0.00000000000000000000             0.00000000000000000000             0.00000000000000000000             1.00000000000000000000            16.88750007282942533493             0.00000000000000000000
             0.02500000037252902985             0.02500000037252902985             0.00000000000000000000             0.00000000000000000000             0.00000000000000000000             1.00000000000000000000            16.91250007320195436478             0.00000000000000000000
             0.02500000037252902985             0.02500000037252902985             0.00000000000000000000             0.00000000000000000000             0.00000000000000000000             1.00000000000000000000            16.93750007357448339462             0.00000000000000000000
             0.02500000037252902985             0.02500000037252902985             0.00000000000000000000             0.00000000000000000000             0.00000000000000000000             1.00000000000000000000            16.96250007394701242447             0.00000000000000000000
             0.02500000037252902985             0.02500000037252902985             0.00000000000000000000             0.00000000000000000000             0.00000000000000000000             1.00000000000000000000            16.98750007431954145432             0.00000000000000000000
             0.02500000037252902985             0.02500000037252902985             0.00000000000000000000             0.00000000000000000000             0.00000000000000000000             1.00000000000000000000            17.01250007469207048416             0.00000000000000000000
             0.02500000037252902985             0.02500000037252902985             0.00000000000000000000             0.00000000000000000000             0.00000000000000000000             1.00000000000000000000            17.03750007506459951401             0.00000000000000000000
             0.02500000037252902985             0.02500000037252902985             0.00000000000000000000             0.00000000000000000000             0.00000000000000000000             1.00000000000000000000            17.06250007543712854385             0.00000000000000000000
             0.02500000037252902985             0.02500000037252902985             0.00000000000000000000             0.00000000000000000000             0.00000000000000000000             1.00000000000000000000            17.08750007580965757370             0.00000000000000000000
             0.02500000037252902985             0.02500000037252902985             0.00000000000000000000             0.00000000000000000000             0.00000000000000000000             1.00000000000000000000            17.11250007618218660355             0.00000000000000000000
             0.02500000037252902985             0.02500000037252902985             0.00000000000000000000             0.00000000000000000000             0.00000000000000000000             1.00000000000000000000            17.13750007655471563339             0.00000000000000000000
             0.02500000037252902985             0.02500000037252902985             0.00000000000000000000             0.00000000000000000000             0.00000000000000000000             1.00000000000000000000            17.16250007692724466324             0.00000000000000000000
             0.02500000037252902985             0.02500000037252902985             0.00000000000000000000             0.00000000000000000000             0.00000000000000000000             1.00000000000000000000            17.18750007729977369308             0.00000000000000000000
             0.02500000037252902985             0.02500000037252902985             0.00000000000000000000             0.00000000000000000000             0.00000000000000000000             1.00000000000000000000            17.21250007767230272293             0.00000000000000000000
             0.02500000037252902985             0.02500000037252902985             0.00000000000000000000             0.00000000000000000000             0.00000000000000000000             1.00000000000000000000            17.23750007804483175278             0.00000000000000000000
             0.02500000037252902985             0.02500000037252902985             0.00000000000000000000             0.00000000000000000000             0.00000000000000000000             1.00000000000000000000            17.26250007841736078262             0.00000000000000000000
             0.02500000037252902985             0.02500000037252902985             0.00000000000000000000             0.00000000000000000000             0.00000000000000000000             1.00000000000000000000            17.28750007878988981247             0.00000000000000000000
             0.02500000037252902985             0.02500000037252902985             0.00000000000000000000             0.00000000000000000000             0.00000000000000000000             1.00000000000000000000            17.31250007916241884232             0.00000000000000000000
             0.02500000037252902985             0.02500000037252902985             0.00000000000000000000             0.00000000000000000000             0.00000000000000000000             1.00000000000000000000            17.33750007953494787216             0.00000000000000000000
             0.02500000037252902985             0.02500000037252902985             0.00000000000000000000             0.00000000000000000000             0.00000000000000000000             1.00000000000000000000            17.36250007990747690201             0.00000000000000000000
             0.02500000037252902985             0.02500000037252902985             0.00000000000000000000             0.00000000000000000000             0.00000000000000000000             1.00000000000000000000            17.38750008028000593185             0.00000000000000000000
             0.02500000037252902985             0.02500000037252902985             0.00000000000000000000             0.00000000000000000000             0.00000000000000000000             1.00000000000000000000            17.41250008065253496170             0.00000000000000000000
             0.02500000037252902985             0.02500000037252902985             0.00000000000000000000             0.00000000000000000000             0.00000000000000000000             1.00000000000000000000            17.43750008102506399155             0.00000000000000000000
             0.02500000037252902985             0.02500000037252902985             0.00000000000000000000             0.00000000000000000000             0.00000000000000000000             1.00000000000000000000            17.46250008139759302139             0.00000000000000000000
             0.02500000037252902985             0.02500000037252902985             0.00000000000000000000             0.00000000000000000000             0.00000000000000000000             1.00000000000000000000            17.48750008177012205124             0.00000000000000000000
             0.02500000037252902985             0.02500000037252902985             0.00000000000000000000             0.00000000000000000000             0.00000000000000000000             1.00000000000000000000            17.51250008214265108109             0.00000000000000000000
             0.02500000037252902985             0.02500000037252902985             0.00000000000000000000             0.00000000000000000000             0.00000000000000000000             1.00000000000000000000            17.53750008251518011093             0.00000000000000000000
             0.02500000037252902985             0.02500000037252902985             0.00000000000000000000             0.00000000000000000000             0.00000000000000000000             1.00000000000000000000            17.56250008288770914078             0.00000000000000000000
             0.02500000037252902985             0.02500000037252902985             0.00000000000000000000             0.00000000000000000000             0.00000000000000000000             1.00000000000000000000            17.58750008326023817062             0.00000000000000000000
             0.02500000037252902985             0.02500000037252902985             0.00000000000000000000             0.00000000000000000000             0.00000000000000000000             1.00000000000000000000            17.61250008363276720047             0.00000000000000000000
             0.02500000037252902985             0.02500000037252902985             0.00000000000000000000             0.00000000000000000000             0.00000000000000000000             1.00000000000000000000            17.63750008400529623032             0.00000000000000000000
             0.02500000037252902985             0.02500000037252902985             0.00000000000000000000             0.00000000000000000000             0.00000000000000000000             1.00000000000000000000            17.66250008437782526016             0.00000000000000000000
             0.02500000037252902985             0.02500000037252902985             0.00000000000000000000             0.00000000000000000000             0.00000000000000000000             1.00000000000000000000            17.68750008475035429001             0.00000000000000000000
             0.02500000037252902985             0.02500000037252902985             0.00000000000000000000             0.00000000000000000000             0.00000000000000000000             1.00000000000000000000            17.71250008512288331985             0.00000000000000000000
             0.02500000037252902985             0.02500000037252902985             0.00000000000000000000             0.00000000000000000000             0.00000000000000000000             1.00000000000000000000            17.73750008549541234970             0.00000000000000000000
             0.02500000037252902985             0.02500000037252902985             0.00000000000000000000             0.00000000000000000000             0.00000000000000000000             1.00000000000000000000            17.76250008586794137955             0.00000000000000000000
             0.02500000037252902985             0.02500000037252902985             0.00000000000000000000             0.00000000000000000000             0.00000000000000000000             1.00000000000000000000            17.78750008624047040939             0.00000000000000000000
             0.02500000037252902985             0.02500000037252902985             0.00000000000000000000             0.00000000000000000000             0.00000000000000000000             1.00000000000000000000            17.81250008661299943924             0.00000000000000000000
             0.02500000037252902985             0.02500000037252902985             0.00000000000000000000             0.00000000000000000000             0.00000000000000000000             1.00000000000000000000            17.83750008698552846909             0.00000000000000000000
             0.02500000037252902985             0.02500000037252902985             0.00000000000000000000             0.00000000000000000000             0.00000000000000000000             1.00000000000000000000            17.86250008735805749893             0.00000000000000000000
             0.02500000037252902985             0.02500000037252902985             0.00000000000000000000             0.00000000000000000000             0.00000000000000000000             1.00000000000000000000            17.88750008773058652878             0.00000000000000000000
             0.02500000037252902985             0.02500000037252902985             0.00000000000000000000             0.00000000000000000000             0.00000000000000000000             1.00000000000000000000            17.91250008810311555862             0.00000000000000000000
             0.02500000037252902985             0.02500000037252902985             0.00000000000000000000             0.00000000000000000000             0.00000000000000000000             1.00000000000000000000            17.93750008847564458847             0.00000000000000000000
             0.02500000037252902985             0.02500000037252902985             0.00000000000000000000             0.00000000000000000000             0.00000000000000000000             1.00000000000000000000            17.96250008884817361832             0.00000000000000000000
             0.02500000037252902985             0.02500000037252902985             0.00000000000000000000             0.00000000000000000000             0.00000000000000000000             1.00000000000000000000            17.98750008922070264816             0.00000000000000000000
             0.02500000037252902985             0.02500000037252902985             0.00000000000000000000             0.00000000000000000000             0.00000000000000000000             1.00000000000000000000            18.01250008959323167801             0.00000000000000000000
             0.02500000037252902985             0.02500000037252902985             0.00000000000000000000             0.00000000000000000000             0.00000000000000000000             1.00000000000000000000            18.03750008996576070786             0.00000000000000000000
             0.02500000037252902985             0.02500000037252902985             0.00000000000000000000             0.00000000000000000000             0.00000000000000000000             1.00000000000000000000            18.06250009033828973770             0.00000000000000000000
             0.02500000037252902985             0.02500000037252902985             0.00000000000000000000             0.00000000000000000000             0.00000000000000000000             1.00000000000000000000            18.08750009071081876755             0.00000000000000000000
             0.02500000037252902985             0.02500000037252902985             0.00000000000000000000             0.00000000000000000000             0.00000000000000000000             1.00000000000000000000            18.11250009108334779739             0.00000000000000000000
             0.02500000037252902985             0.02500000037252902985             0.00000000000000000000             0.00000000000000000000             0.00000000000000000000             1.00000000000000000000            18.13750009145587682724             0.00000000000000000000
             0.02500000037252902985             0.02500000037252902985             0.00000000000000000000             0.00000000000000000000             0.00000000000000000000             1.00000000000000000000            18.16250009182840585709             0.00000000000000000000
             0.02500000037252902985             0.02500000037252902985             0.00000000000000000000             0.00000000000000000000             0.00000000000000000000             1.00000000000000000000            18.18750009220093488693             0.00000000000000000000
             0.02500000037252902985             0.02500000037252902985             0.00000000000000000000             0.00000000000000000000             0.00000000000000000000             1.00000000000000000000            18.21250009257346391678             0.00000000000000000000
             0.02500000037252902985             0.02500000037252902985             0.00000000000000000000             0.00000000000000000000             0.00000000000000000000             1.00000000000000000000            18.23750009294599294662             0.00000000000000000000
             0.02500000037252902985             0.02500000037252902985             0.00000000000000000000             0.00000000000000000000             0.00000000000000000000             1.00000000000000000000            18.26250009331852197647             0.00000000000000000000
             0.02500000037252902985             0.02500000037252902985             0.00000000000000000000             0.00000000000000000000             0.00000000000000000000             1.00000000000000000000            18.28750009369105100632             0.00000000000000000000
             0.02500000037252902985             0.02500000037252902985             0.00000000000000000000             0.00000000000000000000             0.00000000000000000000             1.00000000000000000000            18.31250009406358003616             0.00000000000000000000
             0.02500000037252902985             0.02500000037252902985             0.00000000000000000000             0.00000000000000000000             0.00000000000000000000             1.00000000000000000000            18.33750009443610906601             0.00000000000000000000
             0.02500000037252902985             0.02500000037252902985             0.00000000000000000000             0.00000000000000000000             0.00000000000000000000             1.00000000000000000000            18.36250009480863809586             0.00000000000000000000
             0.02500000037252902985             0.02500000037252902985             0.00000000000000000000             0.00000000000000000000             0.00000000000000000000             1.00000000000000000000            18.38750009518116712570             0.00000000000000000000
             0.02500000037252902985             0.02500000037252902985             0.00000000000000000000             0.00000000000000000000             0.00000000000000000000             1.00000000000000000000            18.41250009555369615555             0.00000000000000000000
             0.02500000037252902985             0.02500000037252902985             0.00000000000000000000             0.00000000000000000000             0.00000000000000000000             1.00000000000000000000            18.43750009592622518539             0.00000000000000000000
             0.02500000037252902985             0.02500000037252902985             0.00000000000000000000             0.00000000000000000000             0.00000000000000000000             1.00000000000000000000            18.46250009629875421524             0.00000000000000000000
             0.02500000037252902985             0.02500000037252902985             0.00000000000000000000             0.00000000000000000000             0.00000000000000000000             1.00000000000000000000            18.48750009667128324509             0.00000000000000000000
             0.02500000037252902985             0.02500000037252902985             0.00000000000000000000             0.00000000000000000000             0.00000000000000000000             1.00000000000000000000            18.51250009704381227493             0.00000000000000000000
             0.02500000037252902985             0.02500000037252902985             0.00000000000000000000             0.00000000000000000000             0.00000000000000000000             1.00000000000000000000            18.53750009741634130478             0.00000000000000000000
             0.02500000037252902985             0.02500000037252902985             0.00000000000000000000             0.00000000000000000000             0.00000000000000000000             1.00000000000000000000            18.56250009778887033463             0.00000000000000000000
             0.02500000037252902985             0.02500000037252902985             0.00000000000000000000             0.00000000000000000000             0.00000000000000000000             1.00000000000000000000            18.58750009816139936447             0.00000000000000000000
             0.02500000037252902985             0.02500000037252902985             0.00000000000000000000             0.00000000000000000000             0.00000000000000000000             1.00000000000000000000            18.61250009853392839432             0.00000000000000000000
             0.02500000037252902985             0.02500000037252902985             0.00000000000000000000             0.00000000000000000000             0.00000000000000000000             1.00000000000000000000            18.63750009890645742416             0.00000000000000000000
             0.02500000037252902985             0.02500000037252902985             0.00000000000000000000             0.00000000000000000000             0.00000000000000000000             1.00000000000000000000            18.66250009927898645401             0.00000000000000000000
             0.02500000037252902985             0.02500000037252902985             0.00000000000000000000             0.00000000000000000000             0.00000000000000000000             1.00000000000000000000            18.68750009965151548386             0.00000000000000000000
             0.02500000037252902985             0.02500000037252902985             0.00000000000000000000             0.00000000000000000000             0.00000000000000000000             1.00000000000000000000            18.71250010002404451370             0.00000000000000000000
             0.02500000037252902985             0.02500000037252902985             0.00000000000000000000             0.00000000000000000000             0.00000000000000000000             1.00000000000000000000            18.73750010039657354355             0.00000000000000000000
             0.00000000000000000000
