                    250
             0.02500000037252902985             0.02500000037252902985             0.00000000000000000000             0.00000000000000000000             0.00000000000000000000             1.00000000000000000000             6.26250009331852197647             0.00000000000000000000
             0.02500000037252902985             0.02500000037252902985             0.00000000000000000000             0.00000000000000000000             0.00000000000000000000             1.00000000000000000000             6.28750009369105100632             0.00000000000000000000
             0.02500000037252902985             0.02500000037252902985             0.00000000000000000000             0.00000000000000000000             0.00000000000000000000             1.00000000000000000000             6.31250009406358003616             0.00000000000000000000
             0.02500000037252902985             0.02500000037252902985             0.00000000000000000000             0.00000000000000000000             0.00000000000000000000             1.00000000000000000000             6.33750009443610906601             0.00000000000000000000
             0.02500000037252902985             0.02500000037252902985             0.00000000000000000000             0.00000000000000000000             0.00000000000000000000             1.00000000000000000000             6.36250009480863809586             0.00000000000000000000
             0.02500000037252902985             0.02500000037252902985             0.00000000000000000000             0.00000000000000000000             0.00000000000000000000             1.00000000000000000000             6.38750009518116712570             0.00000000000000000000
             0.02500000037252902985             0.02500000037252902985             0.00000000000000000000             0.00000000000000000000             0.00000000000000000000             1.00000000000000000000             6.41250009555369615555             0.00000000000000000000
             0.02500000037252902985             0.02500000037252902985             0.00000000000000000000             0.00000000000000000000             0.00000000000000000000             1.00000000000000000000             6.43750009592622518539             0.00000000000000000000
             0.02500000037252902985             0.02500000037252902985             0.00000000000000000000             0.00000000000000000000             0.00000000000000000000             1.00000000000000000000             6.46250009629875421524             0.00000000000000000000
             0.02500000037252902985             0.02500000037252902985             0.00000000000000000000             0.00000000000000000000             0.00000000000000000000             1.00000000000000000000             6.48750009667128324509             0.00000000000000000000
             0.02500000037252902985             0.02500000037252902985             0.00000000000000000000             0.00000000000000000000             0.00000000000000000000             1.00000000000000000000             6.51250009704381227493             0.00000000000000000000
             0.02500000037252902985             0.02500000037252902985             0.00000000000000000000             0.00000000000000000000             0.00000000000000000000             1.00000000000000000000             6.53750009741634130478             0.00000000000000000000
             0.02500000037252902985             0.02500000037252902985             0.00000000000000000000             0.00000000000000000000             0.00000000000000000000             1.00000000000000000000             6.56250009778887033463             0.00000000000000000000
             0.02500000037252902985             0.02500000037252902985             0.00000000000000000000             0.00000000000000000000             0.00000000000000000000             1.00000000000000000000             6.58750009816139936447             0.00000000000000000000
             0.02500000037252902985             0.02500000037252902985             0.00000000000000000000             0.00000000000000000000             0.00000000000000000000             1.00000000000000000000             6.61250009853392839432             0.00000000000000000000
             0.02500000037252902985             0.02500000037252902985             0.00000000000000000000             0.00000000000000000000             0.00000000000000000000             1.00000000000000000000             6.63750009890645742416             0.00000000000000000000
             0.02500000037252902985             0.02500000037252902985             0.00000000000000000000             0.00000000000000000000             0.00000000000000000000             1.00000000000000000000             6.66250009927898645401             0.00000000000000000000
             0.02500000037252902985             0.02500000037252902985             0.00000000000000000000             0.00000000000000000000             0.00000000000000000000             1.00000000000000000000             6.68750009965151548386             0.00000000000000000000
             0.02500000037252902985             0.02500000037252902985             0.00000000000000000000             0.00000000000000000000             0.00000000000000000000             1.00000000000000000000             6.71250010002404451370             0.00000000000000000000
             0.02500000037252902985             0.02500000037252902985             0.00000000000000000000             0.00000000000000000000             0.00000000000000000000             1.00000000000000000000             6.73750010039657354355             0.00000000000000000000
             0.02500000037252902985             0.02500000037252902985             0.00000000000000000000             0.00000000000000000000             0.00000000000000000000             1.00000000000000000000             6.76250010076910257339             0.00000000000000000000
             0.02500000037252902985             0.02500000037252902985             0.00000000000000000000             0.00000000000000000000             0.00000000000000000000             1.00000000000000000000             6.78750010114163160324             0.00000000000000000000
             0.02500000037252902985             0.02500000037252902985             0.00000000000000000000             0.00000000000000000000             0.00000000000000000000             1.00000000000000000000             6.81250010151416063309             0.00000000000000000000
             0.02500000037252902985             0.02500000037252902985             0.00000000000000000000             0.00000000000000000000             0.00000000000000000000             1.00000000000000000000             6.83750010188668966293             0.00000000000000000000
             0.02500000037252902985             0.02500000037252902985             0.00000000000000000000             0.00000000000000000000             0.00000000000000000000             1.00000000000000000000             6.86250010225921869278             0.00000000000000000000
             0.02500000037252902985             0.02500000037252902985             0.00000000000000000000             0.00000000000000000000             0.00000000000000000000             1.00000000000000000000             6.88750010263174772263             0.00000000000000000000
             0.02500000037252902985             0.02500000037252902985             0.00000000000000000000             0.00000000000000000000             0.00000000000000000000             1.00000000000000000000             6.91250010300427675247             0.00000000000000000000
             0.02500000037252902985             0.02500000037252902985             0.00000000000000000000             0.00000000000000000000             0.00000000000000000000             1.00000000000000000000             6.93750010337680578232             0.00000000000000000000
             0.02500000037252902985             0.02500000037252902985             0.00000000000000000000             0.00000000000000000000             0.00000000000000000000             1.00000000000000000000             6.96250010374933481216             0.00000000000000000000
             0.02500000037252902985             0.02500000037252902985             0.00000000000000000000             0.00000000000000000000             0.00000000000000000000             1.00000000000000000000             6.98750010412186384201             0.00000000000000000000
             0.02500000037252902985             0.02500000037252902985             0.00000000000000000000             0.00000000000000000000             0.00000000000000000000             1.00000000000000000000             7.01250010449439287186             0.00000000000000000000
             0.02500000037252902985             0.02500000037252902985             0.00000000000000000000             0.00000000000000000000             0.00000000000000000000             1.00000000000000000000             7.03750010486692190170             0.00000000000000000000
             0.02500000037252902985             0.02500000037252902985             0.00000000000000000000             0.00000000000000000000             0.00000000000000000000             1.00000000000000000000             7.06250010523945093155             0.00000000000000000000
             0.02500000037252902985             0.02500000037252902985             0.00000000000000000000             0.00000000000000000000             0.00000000000000000000             1.00000000000000000000             7.08750010561197996140             0.00000000000000000000
             0.02500000037252902985             0.02500000037252902985             0.00000000000000000000             0.00000000000000000000             0.00000000000000000000             1.00000000000000000000             7.11250010598450899124             0.00000000000000000000
             0.02500000037252902985             0.02500000037252902985             0.00000000000000000000             0.00000000000000000000             0.00000000000000000000             1.00000000000000000000             7.13750010635703802109             0.00000000000000000000
             0.02500000037252902985             0.02500000037252902985             0.00000000000000000000             0.00000000000000000000             0.00000000000000000000             1.00000000000000000000             7.16250010672956705093             0.00000000000000000000
             0.02500000037252902985             0.02500000037252902985             0.00000000000000000000             0.00000000000000000000             0.00000000000000000000             1.00000000000000000000             7.18750010710209608078             0.00000000000000000000
             0.02500000037252902985             0.02500000037252902985             0.00000000000000000000             0.00000000000000000000             0.00000000000000000000             1.00000000000000000000             7.21250010747462511063             0.00000000000000000000
             0.02500000037252902985             0.02500000037252902985             0.00000000000000000000             0.00000000000000000000             0.00000000000000000000             1.00000000000000000000             7.23750010784715414047             0.00000000000000000000
             0.02500000037252902985             0.02500000037252902985             0.00000000000000000000             0.00000000000000000000             0.00000000000000000000             1.00000000000000000000             7.26250010821968317032             0.00000000000000000000
             0.02500000037252902985             0.02500000037252902985             0.00000000000000000000             0.00000000000000000000             0.00000000000000000000             1.00000000000000000000             7.28750010859221220016             0.00000000000000000000
             0.02500000037252902985             0.02500000037252902985             0.00000000000000000000             0.00000000000000000000             0.00000000000000000000             1.00000000000000000000             7.31250010896474123001             0.00000000000000000000
             0.02500000037252902985             0.02500000037252902985             0.00000000000000000000             0.00000000000000000000             0.00000000000000000000             1.00000000000000000000             7.33750010933727025986             0.00000000000000000000
             0.02500000037252902985             0.02500000037252902985             0.00000000000000000000             0.00000000000000000000             0.00000000000000000000             1.00000000000000000000             7.36250010970979928970             0.00000000000000000000
             0.02500000037252902985             0.02500000037252902985             0.00000000000000000000             0.00000000000000000000             0.00000000000000000000             1.00000000000000000000             7.38750011008232831955             0.00000000000000000000
             0.02500000037252902985             0.02500000037252902985             0.00000000000000000000             0.00000000000000000000             0.00000000000000000000             1.00000000000000000000             7.41250011045485734940             0.00000000000000000000
             0.02500000037252902985             0.02500000037252902985             0.00000000000000000000             0.00000000000000000000             0.00000000000000000000             1.00000000000000000000             7.43750011082738637924             0.00000000000000000000
             0.02500000037252902985             0.02500000037252902985             0.00000000000000000000             0.00000000000000000000             0.00000000000000000000             1.00000000000000000000             7.46250011119991540909             0.00000000000000000000
             0.02500000037252902985             0.02500000037252902985             0.00000000000000000000             0.00000000000000000000             0.00000000000000000000             1.00000000000000000000             7.48750011157244443893             0.00000000000000000000
             0.02500000037252902985             0.02500000037252902985             0.00000000000000000000             0.00000000000000000000             0.00000000000000000000             1.00000000000000000000             7.51250011194497346878             0.00000000000000000000
             0.02500000037252902985             0.02500000037252902985             0.00000000000000000000             0.00000000000000000000             0.00000000000000000000             1.00000000000000000000             7.53750011231750249863             0.00000000000000000000
             0.02500000037252902985             0.02500000037252902985             0.00000000000000000000             0.00000000000000000000             0.00000000000000000000             1.00000000000000000000             7.56250011269003152847             0.00000000000000000000
             0.02500000037252902985             0.02500000037252902985             0.00000000000000000000             0.00000000000000000000             0.00000000000000000000             1.00000000000000000000             7.58750011306256055832             0.00000000000000000000
             0.02500000037252902985             0.02500000037252902985             0.00000000000000000000             0.00000000000000000000             0.00000000000000000000             1.00000000000000000000             7.61250011343508958817             0.00000000000000000000
             0.02500000037252902985             0.02500000037252902985             0.00000000000000000000             0.00000000000000000000             0.00000000000000000000             1.00000000000000000000             7.63750011380761861801             0.00000000000000000000
             0.02500000037252902985             0.02500000037252902985             0.00000000000000000000             0.00000000000000000000             0.00000000000000000000             1.00000000000000000000             7.66250011418014764786             0.00000000000000000000
             0.02500000037252902985             0.02500000037252902985             0.00000000000000000000             0.00000000000000000000             0.00000000000000000000             1.00000000000000000000             7.68750011455267667770             0.00000000000000000000
             0.02500000037252902985             0.02500000037252902985             0.00000000000000000000             0.00000000000000000000             0.00000000000000000000             1.00000000000000000000             7.71250011492520570755             0.00000000000000000000
             0.02500000037252902985             0.02500000037252902985             0.00000000000000000000             0.00000000000000000000             0.00000000000000000000             1.00000000000000000000             7.73750011529773473740             0.00000000000000000000
             0.02500000037252902985             0.02500000037252902985             0.00000000000000000000             0.00000000000000000000             0.00000000000000000000             1.00000000000000000000             7.76250011567026376724             0.00000000000000000000
             0.02500000037252902985             0.02500000037252902985             0.00000000000000000000             0.00000000000000000000             0.00000000000000000000             1.00000000000000000000             7.78750011604279279709             0.00000000000000000000
             0.02500000037252902985             0.02500000037252902985             0.00000000000000000000             0.00000000000000000000             0.00000000000000000000             1.00000000000000000000             7.81250011641532182693             0.00000000000000000000
             0.02500000037252902985             0.02500000037252902985             0.00000000000000000000             0.00000000000000000000             0.00000000000000000000             1.00000000000000000000             7.83750011678785085678             0.00000000000000000000
             0.02500000037252902985             0.02500000037252902985             0.00000000000000000000             0.00000000000000000000             0.00000000000000000000             1.00000000000000000000             7.86250011716037988663             0.00000000000000000000
             0.02500000037252902985             0.02500000037252902985             0.00000000000000000000             0.00000000000000000000             0.00000000000000000000             1.00000000000000000000             7.88750011753290891647             0.00000000000000000000
             0.02500000037252902985             0.02500000037252902985             0.00000000000000000000             0.00000000000000000000             0.00000000000000000000             1.00000000000000000000             7.91250011790543794632             0.00000000000000000000
             0.02500000037252902985             0.02500000037252902985             0.00000000000000000000             0.00000000000000000000             0.00000000000000000000             1.00000000000000000000             7.93750011827796697617             0.00000000000000000000
             0.02500000037252902985             0.02500000037252902985             0.00000000000000000000             0.00000000000000000000             0.00000000000000000000             1.00000000000000000000             7.96250011865049600601             0.00000000000000000000
             0.02499988116323947906             0.00000000000000000000             0.00000000000000000000             0.00000000000000000000             0.00000000000000000000             1.00000000000000000000             7.98750005941838026047             0.00000000000000000000
             0.02512391325701730446             0.02500000037252902985             0.19874999998137354851             0.00249218753702007412             0.00000000000000000000             1.00000000000000000000             8.01250000018626451492             0.20000000000000001110
             0.02608064946667615000             0.02500000037252902985             0.19624999994412065107             0.00742968760966322694             0.00000000000000000000             1.00000000000000000000             8.03750000055879354477             0.19749999996274711367
             0.02786405134828235167             0.02500000037252902985             0.19374999990686775364             0.01230468768044373773             0.00000000000000000000             1.00000000000000000000             8.06250000093132257462             0.19499999992549421624
             0.03029848403919487704             0.02500000037252902985             0.19124999986961485621             0.01711718774936160647             0.00000000000000000000             1.00000000000000000000             8.08750000130385160446             0.19249999988824129105
             0.03321406210665748399             0.02500000037252902985             0.18874999983236195877             0.02186718781641683318             0.00000000000000000000             1.00000000000000000000             8.11250000167638063431             0.18999999985098839361
             0.03647124164483774716             0.02500000037252902985             0.18624999979510903358             0.02655468788160944560             0.00000000000000000000             1.00000000000000000000             8.13750000204890966415             0.18749999981373549618
             0.03996464636363305373             0.02500000037252902985             0.18374999975785613615             0.03117968794493936047             0.00000000000000000000             1.00000000000000000000             8.16250000242143869400             0.18499999977648259875
             0.04361770308156737164             0.02500000037252902985             0.18124999972060323872             0.03574218800640666105             0.00000000000000000000             1.00000000000000000000             8.18750000279396772385             0.18249999973922970131
             0.04737545481540703096             0.02500000037252902985             0.17874999968335034128             0.04024218806601129184             0.00000000000000000000             1.00000000000000000000             8.21250000316649675369             0.17999999970197677612
             0.05119838424659816506             0.02500000037252902985             0.17624999964609744385             0.04467968812375328058             0.00000000000000000000             1.00000000000000000000             8.23750000353902578354             0.17749999966472387869
             0.05505781008201691279             0.02500000037252902985             0.17374999960884451866             0.04905468817963265504             0.00000000000000000000             1.00000000000000000000             8.26250000391155481339             0.17499999962747098126
             0.05893264628872705441             0.02500000037252902985             0.17124999957159162123             0.05336718823364935971             0.00000000000000000000             1.00000000000000000000             8.28750000428408384323             0.17249999959021808382
             0.06280716841721312171             0.02500000037252902985             0.16874999953433872379             0.05761718828580342233             0.00000000000000000000             1.00000000000000000000             8.31250000465661287308             0.16999999955296518639
             0.06666947966609811094             0.02500000037252902985             0.16624999949708582636             0.06180468833609484292             0.00000000000000000000             1.00000000000000000000             8.33750000502914190292             0.16749999951571226120
             0.07051045191393143230             0.02500000037252902985             0.16374999945983292893             0.06592968838452359370             0.00000000000000000000             1.00000000000000000000             8.36250000540167093277             0.16499999947845936377
             0.07432298742649966206             0.02500000037252902985             0.16124999942258000374             0.06999218843108975796             0.00000000000000000000             1.00000000000000000000             8.38750000577419996262             0.16249999944120646633
             0.07810149789897603834             0.02500000037252902985             0.15874999938532710630             0.07399218847579322467             0.00000000000000000000             1.00000000000000000000             8.41250000614672899246             0.15999999940395356890
             0.08184153206800186264             0.02500000037252902985             0.15624999934807420887             0.07792968851863406321             0.00000000000000000000             1.00000000000000000000             8.43750000651925802231             0.15749999936670067147
             0.08553950601307917789             0.02500000037252902985             0.15374999931082131144             0.08180468855961225971             0.00000000000000000000             1.00000000000000000000             8.46250000689178705215             0.15499999932944774628
             0.08919250530272471167             0.02500000037252902985             0.15124999927356841400             0.08561718859872780030             0.00000000000000000000             1.00000000000000000000             8.48750000726431608200             0.15249999929219484884
             0.09279813803803076133             0.02500000037252902985             0.14874999923631548882             0.08936718863598071272             0.00000000000000000000             1.00000000000000000000             8.51250000763684511185             0.14999999925494195141
             0.09635442440465423475             0.02500000037252902985             0.14624999919906259138             0.09305468867137096922             0.00000000000000000000             1.00000000000000000000             8.53750000800937414169             0.14749999921768905398
             0.09985971273092340839             0.02500000037252902985             0.14374999916180969395             0.09667968870489858368             0.00000000000000000000             1.00000000000000000000             8.56250000838190317154             0.14499999918043612879
             0.10331261501541463832             0.02500000037252902985             0.14124999912455679651             0.10024218873656354223             0.00000000000000000000             1.00000000000000000000             8.58750000875443220139             0.14249999914318323135
             0.10671195691515897308             0.02500000037252902985             0.13874999908730387133             0.10374218876636588649             0.00000000000000000000             1.00000000000000000000             8.61250000912696123123             0.13999999910593033392
             0.11005673858819658983             0.02500000037252902985             0.13624999905005097389             0.10717968879430556095             0.00000000000000000000             1.00000000000000000000             8.63750000949949026108             0.13749999906867743649
             0.11334610376540552035             0.02500000037252902985             0.13374999901279807646             0.11055468882038257949             0.00000000000000000000             1.00000000000000000000             8.66250000987201929092             0.13499999903142453905
             0.11657931512064033386             0.02500000037252902985             0.13124999897554517903             0.11386718884459696988             0.00000000000000000000             1.00000000000000000000             8.68750001024454832077             0.13249999899417161386
             0.11975573450454464475             0.02500000037252902985             0.12874999893829228159             0.11711718886694870434             0.00000000000000000000             1.00000000000000000000             8.71250001061707735062             0.12999999895691871643
             0.12287480696599142882             0.02500000037252902985             0.12624999890103935640             0.12030468888743781064             0.00000000000000000000             1.00000000000000000000             8.73750001098960638046             0.12749999891966581900
             0.12593604774676017688             0.02500000037252902985             0.12374999886378645897             0.12342968890606426102             0.00000000000000000000             1.00000000000000000000             8.76250001136213541031             0.12499999888241292156
             0.12893903162780026572             0.02500000037252902985             0.12124999882653356154             0.12649218892282806936             0.00000000000000000000             1.00000000000000000000             8.78750001173466444016             0.12249999884516001025
             0.13188338414869030246             0.02500000037252902985             0.11874999878928066410             0.12949218893772923566             0.00000000000000000000             1.00000000000000000000             8.81250001210719347000             0.11999999880790711282
             0.13476877432930650658             0.02500000037252902985             0.11624999875202775279             0.13242968895076773217             0.00000000000000000000             1.00000000000000000000             8.83750001247972249985             0.11749999877065420151
             0.13759490860389694822             0.02500000037252902985             0.11374999871477485536             0.13530468896194361439             0.00000000000000000000             1.00000000000000000000             8.86250001285225152969             0.11499999873340130407
             0.14036152573959975731             0.02500000037252902985             0.11124999867752194405             0.13811718897125685457             0.00000000000000000000             1.00000000000000000000             8.88750001322478055954             0.11249999869614840664
             0.14306839255890632656             0.02500000037252902985             0.10874999864026904661             0.14086718897870742495             0.00000000000000000000             1.00000000000000000000             8.91250001359730958939             0.10999999865889549533
             0.14571530032225243900             0.02500000037252902985             0.10624999860301614918             0.14355468898429535329             0.00000000000000000000             1.00000000000000000000             8.93750001396983861923             0.10749999862164259790
             0.14830206165546350183             0.02500000037252902985             0.10374999856576323787             0.14617968898802063960             0.00000000000000000000             1.00000000000000000000             8.96250001434236764908             0.10499999858438968658
             0.15082850792913324312             0.02500000037252902985             0.10124999852851034043             0.14874218898988328386             0.00000000000000000000             1.00000000000000000000             8.98750001471489667892             0.10249999854713678915
             0.15329448701462822235             0.02500000037252902985             0.09874999849125742912             0.15124218898988328608             0.00000000000000000000             1.00000000000000000000             9.01250001508742570877             0.09999999850988389172
             0.15569986135536922900             0.02500000037252902985             0.09624999845400453169             0.15367968898802064626             0.00000000000000000000             1.00000000000000000000             9.03750001545995473862             0.09749999847263098041
             0.15804450630316638216             0.02500000037252902985             0.09374999841675163426             0.15605468898429533664             0.00000000000000000000             1.00000000000000000000             9.06250001583248376846             0.09499999843537808297
             0.16032830867829947485             0.02500000037252902985             0.09124999837949872294             0.15836718897870741274             0.00000000000000000000             1.00000000000000000000             9.08750001620501279831             0.09249999839812517166
             0.16255116551921389156             0.02500000037252902985             0.08874999834224582551             0.16061718897125681904             0.00000000000000000000             1.00000000000000000000             9.11250001657754182816             0.08999999836087227423
             0.16471298299351405658             0.02500000037252902985             0.08624999830499291420             0.16280468896194361106             0.00000000000000000000             1.00000000000000000000             9.13750001695007085800             0.08749999832361937679
             0.16681367544665948177             0.02500000037252902985             0.08374999826774001677             0.16492968895076773328             0.00000000000000000000             1.00000000000000000000             9.16250001732259988785             0.08499999828636646548
             0.16885316456862958789             0.02500000037252902985             0.08124999823048711933             0.16699218893772921346             0.00000000000000000000             1.00000000000000000000             9.18750001769512891769             0.08249999824911356805
             0.17083137866198722099             0.02500000037252902985             0.07874999819323420802             0.16899218892282805160             0.00000000000000000000             1.00000000000000000000             9.21250001806765794754             0.07999999821186065674
             0.17274825199738014225             0.02500000037252902985             0.07624999815598131059             0.17092968890606424770             0.00000000000000000000             1.00000000000000000000             9.23750001844018697739             0.07749999817460775930
             0.17460372424467532348             0.02500000037252902985             0.07374999811872839928             0.17280468888743780176             0.00000000000000000000             1.00000000000000000000             9.26250001881271600723             0.07499999813735484799
             0.17639773996971189196             0.02500000037252902985             0.07124999808147550184             0.17461718886694871378             0.00000000000000000000             1.00000000000000000000             9.28750001918524503708             0.07249999810010195056
             0.17813024818815073602             0.02500000037252902985             0.06874999804422259053             0.17636718884459695600             0.00000000000000000000             1.00000000000000000000             9.31250001955777406693             0.06999999806284905313
             0.17980120196914622932             0.02500000037252902985             0.06624999800696969310             0.17805468882038255618             0.00000000000000000000             1.00000000000000000000             9.33750001993030309677             0.06749999802559614182
             0.18141055808261255522             0.02500000037252902985             0.06374999796971679566             0.17967968879430554208             0.00000000000000000000             1.00000000000000000000             9.36250002030283212662             0.06499999798834324438
             0.18295827668473882421             0.02500000037252902985             0.06124999793246388435             0.18124218876636585818             0.00000000000000000000             1.00000000000000000000             9.38750002067536115646             0.06249999795109034001
             0.18444432103715271976             0.02500000037252902985             0.05874999789521098692             0.18274218873656353224             0.00000000000000000000             1.00000000000000000000             9.41250002104789018631             0.05999999791383743564
             0.18586865725576162678             0.02500000037252902985             0.05624999785795808255             0.18417968870489856426             0.00000000000000000000             1.00000000000000000000             9.43750002142041921616             0.05749999787658453126
             0.18723125408583857210             0.02500000037252902985             0.05374999782070517818             0.18555468867137095423             0.00000000000000000000             1.00000000000000000000             9.46250002179294824600             0.05499999783933162689
             0.18853208270037660754             0.02500000037252902985             0.05124999778345227380             0.18686718863598070217             0.00000000000000000000             1.00000000000000000000             9.48750002216547727585             0.05249999780207872946
             0.18977111651912617618             0.02500000037252902985             0.04874999774619936943             0.18811718859872778031             0.00000000000000000000             1.00000000000000000000             9.51250002253800630569             0.04999999776482582509
             0.19094833104606656615             0.02500000037252902985             0.04624999770894647200             0.18930468855961224417             0.00000000000000000000             1.00000000000000000000             9.53750002291053533554             0.04749999772757292071
             0.19206370372334913288             0.02500000037252902985             0.04374999767169356762             0.19042968851863403823             0.00000000000000000000             1.00000000000000000000             9.56250002328306436539             0.04499999769032001634
             0.19311721380000065884             0.02500000037252902985             0.04124999763444066325             0.19149218847579321801             0.00000000000000000000             1.00000000000000000000             9.58750002365559339523             0.04249999765306711197
             0.19410884221388938209             0.02500000037252902985             0.03874999759718775888             0.19249218843108972798             0.00000000000000000000             1.00000000000000000000             9.61250002402812242508             0.03999999761581421454
             0.19503857148564318624             0.02500000037252902985             0.03624999755993485451             0.19342968838452359592             0.00000000000000000000             1.00000000000000000000             9.63750002440065145493             0.03749999757856131016
             0.19590638562337217565             0.02500000037252902985             0.03374999752268195014             0.19430468833609482182             0.00000000000000000000             1.00000000000000000000             9.66250002477318048477             0.03499999754130840579
             0.19671227003718935733             0.02500000037252902985             0.03124999748542904923             0.19511718828580340568             0.00000000000000000000             1.00000000000000000000             9.68750002514570951462             0.03249999750405550142
             0.19745621146264877299             0.02500000037252902985             0.02874999744817614833             0.19586718823364934750             0.00000000000000000000             1.00000000000000000000             9.71250002551823854446             0.02999999746680259705
             0.19813819789232731128             0.02500000037252902985             0.02624999741092324396             0.19655468817963261952             0.00000000000000000000             1.00000000000000000000             9.73750002589076757431             0.02749999742954969614
             0.19875821851487568415             0.02500000037252902985             0.02374999737367033958             0.19717968812375327725             0.00000000000000000000             1.00000000000000000000             9.76250002626329660416             0.02499999739229679177
             0.19931626366094717939             0.02500000037252902985             0.02124999733641743868             0.19774218806601126519             0.00000000000000000000             1.00000000000000000000             9.78750002663582563400             0.02249999735504389087
             0.19981232475549126626             0.02500000037252902985             0.01874999729916453431             0.19824218800640661109             0.00000000000000000000             1.00000000000000000000             9.81250002700835466385             0.01999999731779098650
             0.20024639427596424568             0.02500000037252902985             0.01624999726191162994             0.19867968794493934270             0.00000000000000000000             1.00000000000000000000             9.83750002738088369370             0.01749999728053808212
             0.20061846571607355738             0.02500000037252902985             0.01374999722465872903             0.19905468788160940452             0.00000000000000000000             1.00000000000000000000             9.86250002775341272354             0.01499999724328517949
             0.20092853355472653498             0.02500000037252902985             0.01124999718740582466             0.19936718781641682430             0.00000000000000000000             1.00000000000000000000             9.88750002812594175339             0.01249999720603227685
             0.20117659322990419368             0.02500000037252902985             0.00874999715015292202             0.19961718774936160203             0.00000000000000000000             1.00000000000000000000             9.91250002849847078323             0.00999999716877937421
             0.20136264111722937398             0.02500000037252902985             0.00624999711290001939             0.19980468768044370997             0.00000000000000000000             1.00000000000000000000             9.93750002887099981308             0.00749999713152647070
             0.20148667451304061449             0.02500000037252902985             0.00374999707564711588             0.19992968760966320363             0.00000000000000000000             1.00000000000000000000             9.96250002924352884293             0.00499999709427356720
             0.20154869162182384446             0.02500000037252902985             0.00124999703839421281             0.19999218753702002749             0.00000000000000000000             1.00000000000000000000             9.98750002961605787277             0.00249999705702066456
             0.20154869154789342711             0.02500000037252902985            -0.00125000299885869026             0.19999218746251423706             0.00000000000000000000             1.00000000000000000000            10.01250002998858690262            -0.00000000298023223877
             0.20148667429125041717             0.02500000037252902985            -0.00375000303611159333             0.19992968738614577684             0.00000000000000000000             1.00000000000000000000            10.03750003036111593246            -0.00250000301748514201
             0.20136264074758258857             0.02500000037252902985            -0.00625000307336449640             0.19980468730791467458             0.00000000000000000000             1.00000000000000000000            10.06250003073364496231            -0.00500000305473804509
             0.20117659271240617702             0.02500000037252902985            -0.00875000311061739991             0.19961718722782093027             0.00000000000000000000             1.00000000000000000000            10.08750003110617399216            -0.00750000309199094772
             0.20092853288938489209             0.02500000037252902985            -0.01125000314787030255             0.19936718714586454393             0.00000000000000000000             1.00000000000000000000            10.11250003147870302200            -0.01000000312924385210
             0.20061846490289800271             0.02500000037252902985            -0.01375000318512320518             0.19905468706204551554             0.00000000000000000000             1.00000000000000000000            10.13750003185123205185            -0.01250000316649675473
             0.20024639331496676964             0.02500000037252902985            -0.01625000322237610956             0.19867968697636384512             0.00000000000000000000             1.00000000000000000000            10.16250003222376108170            -0.01500000320374965737
             0.19981232364668624624             0.02500000037252902985            -0.01875000325962901393             0.19824218688881950490             0.00000000000000000000             1.00000000000000000000            10.18750003259629011154            -0.01750000324100256174
             0.19931626240435126873             0.02500000037252902985            -0.02125000329688191483             0.19774218679941255039             0.00000000000000000000             1.00000000000000000000            10.21250003296881914139            -0.02000000327825546265
             0.19875821711050803420             0.02500000037252902985            -0.02375000333413481921             0.19717968670814292609             0.00000000000000000000             1.00000000000000000000            10.23750003334134817123            -0.02250000331550836702
             0.19813819634020976568             0.02500000037252902985            -0.02625000337138772011             0.19655468661501068750             0.00000000000000000000             1.00000000000000000000            10.26250003371387720108            -0.02500000335276127139
             0.19745620976280564562             0.02500000037252902985            -0.02875000340864062448             0.19586718652001577912             0.00000000000000000000             1.00000000000000000000            10.28750003408640623093            -0.02750000339001417229
             0.19671226818964782090             0.02500000037252902985            -0.03125000344589352885             0.19511718642315822869             0.00000000000000000000             1.00000000000000000000            10.31250003445893526077            -0.03000000342726707667
             0.19590638362816231721             0.02500000037252902985            -0.03375000348314643323             0.19430468632443803623             0.00000000000000000000             1.00000000000000000000            10.33750003483146429062            -0.03250000346451997757
             0.19503856934279825697             0.02500000037252902985            -0.03625000352039933066             0.19342968622385520172             0.00000000000000000000             1.00000000000000000000            10.36250003520399332047            -0.03500000350177288194
             0.19410883992344574178             0.02500000037252902985            -0.03875000355765223503             0.19249218612140969742             0.00000000000000000000             1.00000000000000000000            10.38750003557652235031            -0.03750000353902578631
             0.19311721136199822002             0.02500000037252902985            -0.04125000359490513940             0.19149218601710157883             0.00000000000000000000             1.00000000000000000000            10.41250003594905138016            -0.04000000357627869069
             0.19206370113783138853             0.02500000037252902985            -0.04375000363215804378             0.19042968591093079045             0.00000000000000000000             1.00000000000000000000            10.43750003632158041000            -0.04250000361353159506
             0.19094832831308095056             0.02500000037252902985            -0.04625000366941094815             0.18930468580289738778             0.00000000000000000000             1.00000000000000000000            10.46250003669410943985            -0.04500000365078449249
             0.18977111363872425920             0.02500000037252902985            -0.04875000370666385252             0.18811718569300131532             0.00000000000000000000             1.00000000000000000000            10.48750003706663846970            -0.04750000368803739687
             0.18853207967261434441             0.02500000037252902985            -0.05125000374391674995             0.18686718558124260081             0.00000000000000000000             1.00000000000000000000            10.51250003743916749954            -0.05000000372529030124
             0.18723125091077691406             0.02500000037252902985            -0.05375000378116965433             0.18555468546762124427             0.00000000000000000000             1.00000000000000000000            10.53750003781169652939            -0.05250000376254320561
             0.18586865393346649333             0.02500000037252902985            -0.05625000381842255870             0.18417968535213724568             0.00000000000000000000             1.00000000000000000000            10.56250003818422555923            -0.05500000379979610998
             0.18444431756769566477             0.02500000037252902985            -0.05875000385567546307             0.18274218523479060505             0.00000000000000000000             1.00000000000000000000            10.58750003855675458908            -0.05750000383704900742
             0.18295827306819745228             0.02500000037252902985            -0.06125000389292836744             0.18124218511558132239             0.00000000000000000000             1.00000000000000000000            10.61250003892928361893            -0.06000000387430191179
             0.18141055431907088247             0.02500000037252902985            -0.06375000393018126488             0.17967968499450936992             0.00000000000000000000             1.00000000000000000000            10.63750003930181264877            -0.06250000391155481616
             0.17980119805869557159             0.02500000037252902985            -0.06625000396743417619             0.17805468487157480317             0.00000000000000000000             1.00000000000000000000            10.66250003967434167862            -0.06500000394880771359
             0.17813024413088984765             0.02500000037252902985            -0.06875000400468707362             0.17636718474677756663             0.00000000000000000000             1.00000000000000000000            10.68750004004687070847            -0.06750000398606062491
             0.17639773576574818703             0.02500000037252902985            -0.07125000404193997106             0.17461718462011768804             0.00000000000000000000             1.00000000000000000000            10.71250004041939973831            -0.07000000402331352234
             0.17460371989412540317             0.02500000037252902985            -0.07375000407919288237             0.17280468449159516742             0.00000000000000000000             1.00000000000000000000            10.73750004079192876816            -0.07250000406056643365
             0.17274824750037071075             0.02500000037252902985            -0.07625000411644577980             0.17092968436121003251             0.00000000000000000000             1.00000000000000000000            10.76250004116445779800            -0.07500000409781933108
             0.17083137401865605698             0.02500000037252902985            -0.07875000415369869111             0.16899218422896220004             0.00000000000000000000             1.00000000000000000000            10.78750004153698682785            -0.07750000413507224239
             0.16885315977912676577             0.02500000037252902985            -0.08125000419095158855             0.16699218409485175330             0.00000000000000000000             1.00000000000000000000            10.81250004190951585770            -0.08000000417232513983
             0.16681367051114859290             0.02500000037252902985            -0.08375000422820449986             0.16492968395887866451             0.00000000000000000000             1.00000000000000000000            10.83750004228204488754            -0.08250000420957803726
             0.16471297791217365258             0.02500000037252902985            -0.08625000426545739729             0.16280468382104290592             0.00000000000000000000             1.00000000000000000000            10.86250004265457391739            -0.08500000424683094857
             0.16255116029223914964             0.02500000037252902985            -0.08875000430271029472             0.16061718368134453305             0.00000000000000000000             1.00000000000000000000            10.88750004302710294724            -0.08750000428408384601
             0.16032830330590391865             0.02500000037252902985            -0.09125000433996320603             0.15836718353978349039             0.00000000000000000000             1.00000000000000000000            10.91250004339963197708            -0.09000000432133675732
             0.15804450078558426873             0.02500000037252902985            -0.09375000437721610347             0.15605468339635980568             0.00000000000000000000             1.00000000000000000000            10.93750004377216100693            -0.09250000435858965475
             0.15569985569285776927             0.02500000037252902985            -0.09625000441446901478             0.15367968325107350669             0.00000000000000000000             1.00000000000000000000            10.96250004414469003677            -0.09500000439584255219
             0.15329448120747035667             0.02500000037252902985            -0.09875000445172191221             0.15124218310392451015             0.00000000000000000000             1.00000000000000000000            10.98750004451721906662            -0.09750000443309546350
             0.15082850197764097189             0.02500000037252902985            -0.10125000448897480965             0.14874218295491292707             0.00000000000000000000             1.00000000000000000000            11.01250004488974809647            -0.10000000447034836093
             0.14830205555998138278             0.02500000037252902985            -0.10375000452622772096             0.14617968280403864645             0.00000000000000000000             1.00000000000000000000            11.03750004526227712631            -0.10250000450760127224
             0.14571529408316208354             0.02500000037252902985            -0.10625000456348061839             0.14355468265130175154             0.00000000000000000000             1.00000000000000000000            11.06250004563480615616            -0.10500000454485416967
             0.14306838617663114599             0.02500000037252902985            -0.10875000460073352970             0.14086718249670221459             0.00000000000000000000             1.00000000000000000000            11.08750004600733518600            -0.10750000458210706711
             0.14036151921461079151             0.02500000037252902985            -0.11125000463798642714             0.13811718234024000784             0.00000000000000000000             1.00000000000000000000            11.11250004637986421585            -0.11000000461935997842
             0.13759490193671974900             0.02500000037252902985            -0.11375000467523932457             0.13530468218191515906             0.00000000000000000000             1.00000000000000000000            11.13750004675239324570            -0.11250000465661287585
             0.13476876752052885378             0.02500000037252902985            -0.11625000471249223588             0.13242968202172766823             0.00000000000000000000             1.00000000000000000000            11.16250004712492227554            -0.11500000469386578716
             0.13188337719897172406             0.02500000037252902985            -0.11875000474974513331             0.12949218185967753536             0.00000000000000000000             1.00000000000000000000            11.18750004749745130539            -0.11750000473111868460
             0.12893902453788308460             0.02500000037252902985            -0.12125000478699804463             0.12649218169576476045             0.00000000000000000000             1.00000000000000000000            11.21250004786998033524            -0.12000000476837158203
             0.12593604051748272243             0.02500000037252902985            -0.12375000482425094206             0.12342968152998935738             0.00000000000000000000             1.00000000000000000000            11.23750004824250936508            -0.12250000480562449334
             0.12287479959830382992             0.02500000037252902985            -0.12625000486150383949             0.12030468136235129839             0.00000000000000000000             1.00000000000000000000            11.26250004861503839493            -0.12500000484287740465
             0.11975572699952785616             0.02500000037252902985            -0.12875000489875673693             0.11711718119285058348             0.00000000000000000000             1.00000000000000000000            11.28750004898756742477            -0.12750000488013030209
             0.11657930747952910400             0.02500000037252902985            -0.13125000493600966212             0.11386718102148721266             0.00000000000000000000             1.00000000000000000000            11.31250004936009645462            -0.13000000491738319952
             0.11334609598961646604             0.02500000037252902985            -0.13375000497326255955             0.11055468084826122754             0.00000000000000000000             1.00000000000000000000            11.33750004973262548447            -0.13250000495463609695
             0.11005673067936233567             0.02500000037252902985            -0.13625000501051545698             0.10717968067317257264             0.00000000000000000000             1.00000000000000000000            11.36250005010515451431            -0.13500000499188899439
             0.10671194887517052030             0.02500000037252902985            -0.13875000504776835442             0.10374218049622128957             0.00000000000000000000             1.00000000000000000000            11.38750005047768354416            -0.13750000502914191958
             0.10331260684647379511             0.02500000037252902985            -0.14125000508502125185             0.10024218031740736445             0.00000000000000000000             1.00000000000000000000            11.41250005085021257401            -0.14000000506639481701
             0.09985970443560818199             0.02500000037252902985            -0.14375000512227417704             0.09667968013673075567             0.00000000000000000000             1.00000000000000000000            11.43750005122274160385            -0.14250000510364771444
             0.09635441598600175128             0.02500000037252902985            -0.14625000515952707447             0.09305467995419154648             0.00000000000000000000             1.00000000000000000000            11.46250005159527063370            -0.14500000514090061188
             0.09279812949964215407             0.02500000037252902985            -0.14875000519677997191             0.08936717976978966749             0.00000000000000000000             1.00000000000000000000            11.48750005196779966354            -0.14750000517815350931
             0.08919249664890006868             0.02500000037252902985            -0.15125000523403286934             0.08561717958352516034             0.00000000000000000000             1.00000000000000000000            11.51250005234032869339            -0.15000000521540643450
             0.08553949724899195806             0.02500000037252902985            -0.15375000527128579453             0.08180467939539798339             0.00000000000000000000             1.00000000000000000000            11.53750005271285772324            -0.15250000525265933193
             0.08184152319992754610             0.02500000037252902985            -0.15625000530853869196             0.07792967920540817828             0.00000000000000000000             1.00000000000000000000            11.56250005308538675308            -0.15500000528991222937
             0.07810148893459413488             0.02500000037252902985            -0.15875000534579158940             0.07399217901355573113             0.00000000000000000000             1.00000000000000000000            11.58750005345791578293            -0.15750000532716512680
             0.07432297837529790174             0.02500000037252902985            -0.16125000538304448683             0.06999217881984062806             0.00000000000000000000             1.00000000000000000000            11.61250005383044481277            -0.16000000536441805199
             0.07051044278775336904             0.02500000037252902985            -0.16375000542029738426             0.06592967862426291070             0.00000000000000000000             1.00000000000000000000            11.63750005420297384262            -0.16250000540167094942
             0.06666947047989349451             0.02500000037252902985            -0.16625000545755030945             0.06180467842682249580             0.00000000000000000000             1.00000000000000000000            11.66250005457550287247            -0.16500000543892384686
             0.06280715919008114656             0.02500000037252902985            -0.16875000549480320688             0.05761717822751946660             0.00000000000000000000             1.00000000000000000000            11.68750005494803190231            -0.16750000547617674429
             0.05893263704538420633             0.02500000037252902985            -0.17125000553205610432             0.05336717802635379537             0.00000000000000000000             1.00000000000000000000            11.71250005532056093216            -0.17000000551342964172
             0.05505780085488987813             0.02500000037252902985            -0.17375000556930900175             0.04905467782332548210             0.00000000000000000000             1.00000000000000000000            11.73750005569308996201            -0.17250000555068256691
             0.05119837507884101441             0.02500000037252902985            -0.17625000560656189919             0.04467967761843449903             0.00000000000000000000             1.00000000000000000000            11.76250005606561899185            -0.17500000558793546435
             0.04737544576528700258             0.02500000037252902985            -0.17875000564381482437             0.04024217741168087392             0.00000000000000000000             1.00000000000000000000            11.78750005643814802170            -0.17750000562518836178
             0.04361769422885307390             0.02500000037252902985            -0.18125000568106772181             0.03574217720306460677             0.00000000000000000000             1.00000000000000000000            11.81250005681067705154            -0.18000000566244125921
             0.03996463781880715826             0.02500000037252902985            -0.18375000571832061924             0.03117967699258572534             0.00000000000000000000             1.00000000000000000000            11.83750005718320608139            -0.18250000569969415665
             0.03647123356194154065             0.02500000037252902985            -0.18625000575557351667             0.02655467678024417411             0.00000000000000000000             1.00000000000000000000            11.86250005755573511124            -0.18500000573694708184
             0.03321405469973245927             0.02500000037252902985            -0.18875000579282641411             0.02186717656603998083             0.00000000000000000000             1.00000000000000000000            11.88750005792826414108            -0.18750000577419997927
             0.03029847759908954261             0.02500000037252902985            -0.19125000583007933930             0.01711717634997311777             0.00000000000000000000             1.00000000000000000000            11.91250005830079317093            -0.19000000581145287670
             0.02786404624854287027             0.02500000037252902985            -0.19375000586733223673             0.01230467613204364041             0.00000000000000000000             1.00000000000000000000            11.93750005867332220078            -0.19250000584870577414
             0.02608064613439517801             0.02500000037252902985            -0.19625000590458513416             0.00742967591225152102             0.00000000000000000000             1.00000000000000000000            11.96250005904585123062            -0.19500000588595867157
             0.02512391208190422470             0.02500000037252902985            -0.19875000594183803160             0.00249217569059675959             0.00000000000000000000             1.00000000000000000000            11.98750005941838026047            -0.19750000592321159676
             0.02500000037252902985             0.02500000037252902985             0.00000000000000000000             0.00000000000000000000             0.00000000000000000000             1.00000000000000000000            12.01250000018626451492             0.00000000000000000000
             0.02500000037252902985             0.02500000037252902985             0.00000000000000000000             0.00000000000000000000             0.00000000000000000000             1.00000000000000000000            12.03750000055879354477             0.00000000000000000000
             0.02500000037252902985             0.02500000037252902985             0.00000000000000000000             0.00000000000000000000             0.00000000000000000000             1.00000000000000000000            12.06250000093132257462             0.00000000000000000000
             0.02500000037252902985             0.02500000037252902985             0.00000000000000000000             0.00000000000000000000             0.00000000000000000000             1.00000000000000000000            12.08750000130385160446             0.00000000000000000000
             0.02500000037252902985             0.02500000037252902985             0.00000000000000000000             0.00000000000000000000             0.00000000000000000000             1.00000000000000000000            12.11250000167638063431             0.00000000000000000000
             0.02500000037252902985             0.02500000037252902985             0.00000000000000000000             0.00000000000000000000             0.00000000000000000000             1.00000000000000000000            12.13750000204890966415             0.00000000000000000000
             0.02500000037252902985             0.02500000037252902985             0.00000000000000000000             0.00000000000000000000             0.00000000000000000000             1.00000000000000000000            12.16250000242143869400             0.00000000000000000000
             0.02500000037252902985             0.02500000037252902985             0.00000000000000000000             0.00000000000000000000             0.00000000000000000000             1.00000000000000000000            12.18750000279396772385             0.00000000000000000000
             0.02500000037252902985             0.02500000037252902985             0.00000000000000000000             0.00000000000000000000             0.00000000000000000000             1.00000000000000000000            12.21250000316649675369             0.00000000000000000000
             0.02500000037252902985             0.02500000037252902985             0.00000000000000000000             0.00000000000000000000             0.00000000000000000000             1.00000000000000000000            12.23750000353902578354             0.00000000000000000000
             0.02500000037252902985             0.02500000037252902985             0.00000000000000000000             0.00000000000000000000             0.00000000000000000000             1.00000000000000000000            12.26250000391155481339             0.00000000000000000000
             0.02500000037252902985             0.02500000037252902985             0.00000000000000000000             0.00000000000000000000             0.00000000000000000000             1.00000000000000000000            12.28750000428408384323             0.00000000000000000000
             0.02500000037252902985             0.02500000037252902985             0.00000000000000000000             0.00000000000000000000             0.00000000000000000000             1.00000000000000000000            12.31250000465661287308             0.00000000000000000000
             0.02500000037252902985             0.02500000037252902985             0.00000000000000000000             0.00000000000000000000             0.00000000000000000000             1.00000000000000000000            12.33750000502914190292             0.00000000000000000000
             0.02500000037252902985             0.02500000037252902985             0.00000000000000000000             0.00000000000000000000             0.00000000000000000000             1.00000000000000000000            12.36250000540167093277             0.00000000000000000000
             0.02500000037252902985             0.02500000037252902985             0.00000000000000000000             0.00000000000000000000             0.00000000000000000000             1.00000000000000000000            12.38750000577419996262             0.00000000000000000000
             0.02500000037252902985             0.02500000037252902985             0.00000000000000000000             0.00000000000000000000             0.00000000000000000000             1.00000000000000000000            12.41250000614672899246             0.00000000000000000000
             0.02500000037252902985             0.02500000037252902985             0.00000000000000000000             0.00000000000000000000             0.00000000000000000000             1.00000000000000000000            12.43750000651925802231             0.00000000000000000000
             0.02500000037252902985             0.02500000037252902985             0.00000000000000000000             0.00000000000000000000             0.00000000000000000000             1.00000000000000000000            12.46250000689178705215             0.00000000000000000000
             0.02500000037252902985             0.02500000037252902985             0.00000000000000000000             0.00000000000000000000             0.00000000000000000000             1.00000000000000000000            12.48750000726431608200             0.00000000000000000000
             0.00000000000000000000
