                     50
             0.85238589099867745347             0.50000000000000000000            -0.01046032735415367704             0.69033448934093477600             0.03280000000000000276             1.00000000000000000000            50.25000000000000000000            -0.01041532735415367887
             0.84813743453223700008             0.50000000000000000000            -0.01055032735415367857             0.68508182566385789070             0.03280000000000000276             1.00000000000000000000            50.75000000000000000000            -0.01050532735415367867
             0.84386403341300786352             0.50000000000000000000            -0.01064032735415367838             0.67978416198678104365             0.03280000000000000276             1.00000000000000000000            51.25000000000000000000            -0.01059532735415367848
             0.83956615858563443666             0.50000000000000000000            -0.01073032735415367818             0.67444149830970412385             0.03280000000000000276             1.00000000000000000000            51.75000000000000000000            -0.01068532735415367828
             0.83524429578215197978             0.50000000000000000000            -0.01082032735415367798             0.66905383463262735333             0.03280000000000000276             1.00000000000000000000            52.25000000000000000000            -0.01077532735415367982
             0.83089894604603753425             0.50000000000000000000            -0.01091032735415367778             0.66362117095555051005             0.03280000000000000276             1.00000000000000000000            52.75000000000000000000            -0.01086532735415367962
             0.82653062627637108317             0.50000000000000000000            -0.01100032735415367759             0.65814350727847359401             0.03280000000000000276             1.00000000000000000000            53.25000000000000000000            -0.01095532735415367942
             0.82213986979284670031             0.50000000000000000000            -0.01109032735415367912             0.65262084360139682726             0.03280000000000000276             1.00000000000000000000            53.75000000000000000000            -0.01104532735415367922
             0.81772722692238541953             0.50000000000000000000            -0.01118032735415367893             0.64705317992431998775             0.03280000000000000276             1.00000000000000000000            54.25000000000000000000            -0.01113532735415367902
             0.81329326560812598146             0.50000000000000000000            -0.01127032735415367873             0.64144051624724318650             0.03280000000000000276             1.00000000000000000000            54.75000000000000000000            -0.01122532735415367883
             0.80883857204157727505             0.50000000000000000000            -0.01136032735415367853             0.63578285257016631249             0.03280000000000000276             1.00000000000000000000            55.25000000000000000000            -0.01131532735415367863
             0.80436375131873716349             0.50000000000000000000            -0.01145032735415367833             0.63008018889308936572             0.03280000000000000276             1.00000000000000000000            55.75000000000000000000            -0.01140532735415367843
             0.79986942812099215416             0.50000000000000000000            -0.01154032735415367814             0.62433252521601256824             0.03280000000000000276             1.00000000000000000000            56.25000000000000000000            -0.01149532735415367823
             0.79535624742162291945             0.50000000000000000000            -0.01163032735415367794             0.61853986153893580902             0.03280000000000000276             1.00000000000000000000            56.75000000000000000000            -0.01158532735415367804
             0.79082487521875077796             0.50000000000000000000            -0.01172032735415367774             0.61270219786185897703             0.03280000000000000276             1.00000000000000000000            57.25000000000000000000            -0.01167532735415367784
             0.78627599929556291070             0.50000000000000000000            -0.01181032735415367928             0.60681953418478207229             0.03280000000000000276             1.00000000000000000000            57.75000000000000000000            -0.01176532735415367764
             0.78171033000866041451             0.50000000000000000000            -0.01190032735415367734             0.60089187050770520582             0.03280000000000000276             1.00000000000000000000            58.25000000000000000000            -0.01185532735415367744
             0.77712860110536663427             0.50000000000000000000            -0.01199032735415367888             0.59491920683062837760             0.03280000000000000276             1.00000000000000000000            58.75000000000000000000            -0.01194532735415367725
             0.77253157057083077230             0.50000000000000000000            -0.01208032735415367868             0.58890154315355158765             0.03280000000000000276             1.00000000000000000000            59.25000000000000000000            -0.01203532735415367878
             0.76792002150575067176             0.50000000000000000000            -0.01217032735415367675             0.58283887947647472494             0.03280000000000000276             1.00000000000000000000            59.75000000000000000000            -0.01212532735415367685
             0.76329476303552057370             0.50000000000000000000            -0.01226032735415368002             0.57673121579939778947             0.03280000000000000276             1.00000000000000000000            60.25000000000000000000            -0.01221532735415367839
             0.75865663125158555591             0.50000000000000000000            -0.01235032735415367809             0.57057855212232100328             0.03280000000000000276             1.00000000000000000000            60.75000000000000000000            -0.01230532735415367819
             0.75400649018575638394             0.50000000000000000000            -0.01244032735415367963             0.56438088844524414434             0.03280000000000000276             1.00000000000000000000            61.25000000000000000000            -0.01239532735415367973
             0.74934523281819931384             0.50000000000000000000            -0.01253032735415367943             0.55813822476816732365             0.03280000000000000276             1.00000000000000000000            61.75000000000000000000            -0.01248532735415367780
             0.74467378211976242852             0.50000000000000000000            -0.01262032735415367923             0.55185056109109043021             0.03280000000000000276             1.00000000000000000000            62.25000000000000000000            -0.01257532735415367933
             0.73999309212924857526             0.50000000000000000000            -0.01271032735415367730             0.54551789741401379707             0.03280000000000000276             1.00000000000000000000            62.75000000000000000000            -0.01266532735415367913
             0.73530414906616636816             0.50000000000000000000            -0.01280032735415367884             0.53914023373693686914             0.03280000000000000276             1.00000000000000000000            63.25000000000000000000            -0.01275532735415367894
             0.73060797247941522414             0.50000000000000000000            -0.01289032735415367864             0.53271757005986009048             0.03280000000000000276             1.00000000000000000000            63.75000000000000000000            -0.01284532735415367874
             0.72590561643225226529             0.50000000000000000000            -0.01298032735415367844             0.52624990638278323907             0.03280000000000000276             1.00000000000000000000            64.25000000000000000000            -0.01293532735415367854
             0.72119817072378267220             0.50000000000000000000            -0.01307032735415367825             0.51973724270570642592             0.03280000000000000276             1.00000000000000000000            64.75000000000000000000            -0.01302532735415367834
             0.71648676214707651688             0.50000000000000000000            -0.01316032735415367805             0.51317957902862954001             0.03280000000000000276             1.00000000000000000000            65.25000000000000000000            -0.01311532735415367815
             0.71177255578386422474             0.50000000000000000000            -0.01325032735415367785             0.50657691535155269236             0.03280000000000000276             1.00000000000000000000            65.75000000000000000000            -0.01320532735415367795
             0.70705675633558684456             0.50000000000000000000            -0.01334032735415367765             0.49992925167447582746             0.03280000000000000276             1.00000000000000000000            66.25000000000000000000            -0.01329532735415367775
             1.18079310094934308850             0.50000000000000000000            -0.10746627515877635317             1.06970666411384285333             0.03280000000000000276             1.00000000000000000000            66.75000000000000000000            -0.01338532735415367929
             1.22918995299115074715             0.50000000000000000000            -0.10907572786349220562             1.12290157205980767330             0.03280000000000000276             1.00000000000000000000            67.25000000000000000000            -0.10827109650027993970
             1.27722791846384509107             0.50000000000000000000            -0.11068441315589989948             1.17529194488156285558             0.03280000000000000276             1.00000000000000000000            67.75000000000000000000            -0.10988016737362747699
             1.32485095165759059199             0.50000000000000000000            -0.11229231603771325232             1.22687817003483412570             0.03280000000000000276             1.00000000000000000000            68.25000000000000000000            -0.11148846333552377141
             1.37201192317280096233             0.50000000000000000000            -0.11389942151064613718             1.27766064247449051550             0.03280000000000000276             1.00000000000000000000            68.75000000000000000000            -0.11309596938768265439
             1.41867097830750443777             0.50000000000000000000            -0.11550571457641242712             1.32763976465454347498             0.03280000000000000276             1.00000000000000000000            69.25000000000000000000            -0.11470267053181798511
             1.46479423490611826431             0.50000000000000000000            -0.11711118023672587030             1.37681594652814798252             0.03280000000000000276             1.00000000000000000000            69.75000000000000000000            -0.11630855176964360886
             1.51035274414983233804             0.50000000000000000000            -0.11871580349330040915             1.42518960554760165671             0.03280000000000000276             1.00000000000000000000            70.25000000000000000000            -0.11791359810287338483
             1.55532165613243011926             0.50000000000000000000            -0.12031956934784983348             1.47276116666434586655             0.03280000000000000276             1.00000000000000000000            70.75000000000000000000            -0.11951779453322111668
             1.59967954584116345274             0.50000000000000000000            -0.12192246280208801634             1.51953106232896439920             0.03280000000000000276             1.00000000000000000000            71.25000000000000000000            -0.12112112606240070523
             1.64340786551299267160             0.50000000000000000000            -0.12352446885772880303             1.56549973249118479224             0.03280000000000000276             1.00000000000000000000            71.75000000000000000000            -0.12272357769212595413
             1.68649049713723875321             0.50000000000000000000            -0.12512557251648609435             1.61066762459987700140             0.03280000000000000276             1.00000000000000000000            72.25000000000000000000            -0.12432513442411076421
             1.72891338477805156515             0.50000000000000000000            -0.12672575878007361072             1.65503519360305428876             0.03280000000000000276             1.00000000000000000000            72.75000000000000000000            -0.12592578126006892525
             1.77066423087657631719             0.50000000000000000000            -0.12832501265020526682             1.69860290194787366680             0.03280000000000000276             1.00000000000000000000            73.25000000000000000000            -0.12752550320171429643
             1.81173224411990396732             0.50000000000000000000            -0.12992331912859494958             1.74137121958063367799             0.03280000000000000276             1.00000000000000000000            73.75000000000000000000            -0.12912428525076072305
             1.85210792909562438346             0.50000000000000000000            -0.13152066321695643492             1.78334062394677772545             0.03280000000000000276             1.00000000000000000000            74.25000000000000000000            -0.13072211240892206430
             1.89178290998235842935             0.50000000000000000000            -0.13311702991700360976             1.82451159999089074226             0.03280000000000000276             1.00000000000000000000            74.75000000000000000000            -0.13231896967791217934
            -0.13391484205944492736
