                     50
             1.10762693025618474962             0.50000000000000000000            -0.00146032735415367858             0.98835085704861869171             0.03280000000000000276             1.00000000000000000000             0.25000000000000000000            -0.00141532735415367868
             1.10695537017114342682             0.50000000000000000000            -0.00155032735415367860             0.98759819337154164387             0.03280000000000000276             1.00000000000000000000             0.75000000000000000000            -0.00150532735415367849
             1.10624377304700649560             0.50000000000000000000            -0.00164032735415367841             0.98680052969446485633             0.03280000000000000276             1.00000000000000000000             1.25000000000000000000            -0.00159532735415367851
             1.10549215897787433960             0.50000000000000000000            -0.00173032735415367843             0.98595786601738799604             0.03280000000000000276             1.00000000000000000000             1.75000000000000000000            -0.00168532735415367917
             1.10470054926155536457             0.50000000000000000000            -0.00182032735415367823             0.98507020234031128503             0.03280000000000000276             1.00000000000000000000             2.25000000000000000000            -0.00177532735415367919
             1.10386896641138032571             0.50000000000000000000            -0.00191032735415367803             0.98413753866323427921             0.03280000000000000276             1.00000000000000000000             2.75000000000000000000            -0.00186532735415367900
             1.10299743416872764179             0.50000000000000000000            -0.00200032735415367827             0.98315987498615753371             0.03280000000000000276             1.00000000000000000000             3.25000000000000000000            -0.00195532735415367880
             1.10208597751626347083             0.50000000000000000000            -0.00209032735415367894             0.98213721130908071544             0.03280000000000000276             1.00000000000000000000             3.75000000000000000000            -0.00204532735415367904
             1.10113462269191453302             0.50000000000000000000            -0.00218032735415367874             0.98106954763200393543             0.03280000000000000276             1.00000000000000000000             4.25000000000000000000            -0.00213532735415367884
             1.10014339720358744756             0.50000000000000000000            -0.00227032735415367854             0.97995688395492697165             0.03280000000000000276             1.00000000000000000000             4.75000000000000000000            -0.00222532735415367864
             1.09911232984464679596             0.50000000000000000000            -0.00236032735415367834             0.97879922027785015715             0.03280000000000000276             1.00000000000000000000             5.25000000000000000000            -0.00231532735415367931
             1.09804145071016745483             0.50000000000000000000            -0.00245032735415367815             0.97759655660077338091             0.03280000000000000276             1.00000000000000000000             5.75000000000000000000            -0.00240532735415367911
             1.09693079121397984999             0.50000000000000000000            -0.00254032735415367838             0.97634889292369642089             0.03280000000000000276             1.00000000000000000000             6.25000000000000000000            -0.00249532735415367848
             1.09578038410652167656             0.50000000000000000000            -0.00263032735415367905             0.97505622924661961015             0.03280000000000000276             1.00000000000000000000             6.75000000000000000000            -0.00258532735415367915
             1.09459026349351740137             0.50000000000000000000            -0.00272032735415367929             0.97371856556954283768             0.03280000000000000276             1.00000000000000000000             7.25000000000000000000            -0.00267532735415367809
             1.09336046485550020257             0.50000000000000000000            -0.00281032735415367909             0.97233590189246610347             0.03280000000000000276             1.00000000000000000000             7.75000000000000000000            -0.00276532735415367832
             1.09209102506819943912             0.50000000000000000000            -0.00290032735415367889             0.97090823821538907445             0.03280000000000000276             1.00000000000000000000             8.25000000000000000000            -0.00285532735415367812
             1.09078198242381496641             0.50000000000000000000            -0.00299032735415367869             0.96943557453831230575             0.03280000000000000276             1.00000000000000000000             8.75000000000000000000            -0.00294532735415367879
             1.08943337665319339713             0.50000000000000000000            -0.00308032735415367850             0.96791791086123546428             0.03280000000000000276             1.00000000000000000000             9.25000000000000000000            -0.00303532735415367860
             1.08804524894893805964             0.50000000000000000000            -0.00317032735415367917             0.96635524718415877210             0.03280000000000000276             1.00000000000000000000             9.75000000000000000000            -0.00312532735415367840
             1.08661764198946908522             0.50000000000000000000            -0.00326032735415367940             0.96474758350708178511             0.03280000000000000276             1.00000000000000000000            10.25000000000000000000            -0.00321532735415367820
             1.08515059996406182385             0.50000000000000000000            -0.00335032735415367921             0.96309491983000494741             0.03280000000000000276             1.00000000000000000000            10.75000000000000000000            -0.00330532735415367844
             1.08364416859888978983             0.50000000000000000000            -0.00344032735415367944             0.96139725615292814798             0.03280000000000000276             1.00000000000000000000            11.25000000000000000000            -0.00339532735415367824
             1.08209839518409434156             0.50000000000000000000            -0.00353032735415367924             0.95965459247585138680             0.03280000000000000276             1.00000000000000000000            11.75000000000000000000            -0.00348532735415367804
             1.08051332860191795504             0.50000000000000000000            -0.00362032735415367818             0.95786692879877444184             0.03280000000000000276             1.00000000000000000000            12.25000000000000000000            -0.00357532735415367914
             1.07888901935592262937             0.50000000000000000000            -0.00371032735415367885             0.95603426512169764617             0.03280000000000000276             1.00000000000000000000            12.75000000000000000000            -0.00366532735415367895
             1.07722551960132695292             0.50000000000000000000            -0.00380032735415367778             0.95415660144462077774             0.03280000000000000276             1.00000000000000000000            13.25000000000000000000            -0.00375532735415367875
             1.07552288317649602511             0.50000000000000000000            -0.00389032735415367932             0.95223393776754394757             0.03280000000000000276             1.00000000000000000000            13.75000000000000000000            -0.00384532735415367855
             1.07378116563561420982             0.50000000000000000000            -0.00398032735415367826             0.95026627409046704464             0.03280000000000000276             1.00000000000000000000            14.25000000000000000000            -0.00393532735415367835
             1.07200042428257913407             0.50000000000000000000            -0.00407032735415367893             0.94825361041339029100             0.03280000000000000276             1.00000000000000000000            14.75000000000000000000            -0.00402532735415367902
             1.07018071820614890655             0.50000000000000000000            -0.00416032735415367873             0.94619594673631335358             0.03280000000000000276             1.00000000000000000000            15.25000000000000000000            -0.00411532735415367883
             1.06832210831638585447             0.50000000000000000000            -0.00425032735415367853             0.94409328305923656544             0.03280000000000000276             1.00000000000000000000            15.75000000000000000000            -0.00420532735415367950
             1.06642465738243341633             0.50000000000000000000            -0.00434032735415367833             0.94194561938215970454             0.03280000000000000276             1.00000000000000000000            16.25000000000000000000            -0.00429532735415367843
             1.06448843007166571439             0.50000000000000000000            -0.00443032735415367900             0.93975295570508288190             0.03280000000000000276             1.00000000000000000000            16.75000000000000000000            -0.00438532735415367910
             1.06251349299025710238             0.50000000000000000000            -0.00452032735415367880             0.93751529202800598650             0.03280000000000000276             1.00000000000000000000            17.25000000000000000000            -0.00447532735415367890
             1.06049991472521454305             0.50000000000000000000            -0.00461032735415367861             0.93523262835092924039             0.03280000000000000276             1.00000000000000000000            17.75000000000000000000            -0.00456532735415367871
             1.05844776588791655847             0.50000000000000000000            -0.00470032735415367841             0.93290496467385242152             0.03280000000000000276             1.00000000000000000000            18.25000000000000000000            -0.00465532735415367851
             1.05635711915921381987             0.50000000000000000000            -0.00479032735415367908             0.93053230099677552989             0.03280000000000000276             1.00000000000000000000            18.75000000000000000000            -0.00474532735415367831
             1.05422804933613667444             0.50000000000000000000            -0.00488032735415367801             0.92811463731969856550             0.03280000000000000276             1.00000000000000000000            19.25000000000000000000            -0.00483532735415367898
             1.05206063338026334364             0.50000000000000000000            -0.00497032735415367868             0.92565197364262186142             0.03280000000000000276             1.00000000000000000000            19.75000000000000000000            -0.00492532735415367792
             1.04985495046780741291             0.50000000000000000000            -0.00506032735415367849             0.92314430996554508457             0.03280000000000000276             1.00000000000000000000            20.25000000000000000000            -0.00501532735415367859
             1.04761108204147612710             0.50000000000000000000            -0.00515032735415367916             0.92059164628846823497             0.03280000000000000276             1.00000000000000000000            20.75000000000000000000            -0.00510532735415367839
             1.04532911186416477278             0.50000000000000000000            -0.00524032735415367896             0.91799398261139142363             0.03280000000000000276             1.00000000000000000000            21.25000000000000000000            -0.00519532735415367819
             1.04300912607454621117             0.50000000000000000000            -0.00533032735415367876             0.91535131893431442851             0.03280000000000000276             1.00000000000000000000            21.75000000000000000000            -0.00528532735415367799
             1.04065121324462106500             0.50000000000000000000            -0.00542032735415367856             0.91266365525723769370             0.03280000000000000276             1.00000000000000000000            22.25000000000000000000            -0.00537532735415367866
             1.03825546443929428442             0.50000000000000000000            -0.00551032735415367837             0.90993099158016077510             0.03280000000000000276             1.00000000000000000000            22.75000000000000000000            -0.00546532735415367933
             1.03582197327805336506             0.50000000000000000000            -0.00560032735415367904             0.90715332790308400579             0.03280000000000000276             1.00000000000000000000            23.25000000000000000000            -0.00555532735415367827
             1.03335083599881571992             0.50000000000000000000            -0.00569032735415367884             0.90433066422600716372             0.03280000000000000276             1.00000000000000000000            23.75000000000000000000            -0.00564532735415367894
             1.03084215152402491888             0.50000000000000000000            -0.00578032735415367864             0.90146300054893035991             0.03280000000000000276             1.00000000000000000000            24.25000000000000000000            -0.00573532735415367874
             1.02829602152907373380             0.50000000000000000000            -0.00587032735415367844             0.89855033687185337232             0.03280000000000000276             1.00000000000000000000            24.75000000000000000000            -0.00582532735415367854
            -0.00591532735415367834
