                     50
             1.93074978210341585694             0.50000000000000000000            -0.13471240423045033330             1.86488464015670096785             0.03280000000000000276             1.00000000000000000000            75.25000000000000000000            -0.13391484205944492736
             1.96900198640095425162             0.50000000000000000000            -0.13630677115901040919             1.90446024438708194637             0.03280000000000000276             1.00000000000000000000            75.75000000000000000000            -0.13550971455523411202
             2.00653370285297460995             0.50000000000000000000            -0.13790011570439769661             1.94323892012404630947             0.03280000000000000276             1.00000000000000000000            76.25000000000000000000            -0.13710357216699356475
             2.04333975961632452467             0.50000000000000000000            -0.13949242286832608251             1.98122118230875443601             0.03280000000000000276             1.00000000000000000000            76.75000000000000000000            -0.13869639989643717248
             2.07941555528170374245             0.50000000000000000000            -0.14108367765250937054             2.01840755338150579234             0.03280000000000000276             1.00000000000000000000            77.25000000000000000000            -0.14028818274527876664
             2.11475699210682899221             0.50000000000000000000            -0.14267386505866141988             2.05479856328174470548             0.03280000000000000276             1.00000000000000000000            77.75000000000000000000            -0.14187890571523220640
             2.14936041847801995175             0.50000000000000000000            -0.14426297008849611747             2.09039474944805814260             0.03280000000000000276             1.00000000000000000000            78.25000000000000000000            -0.14346855380801135094
             2.18322257915933803929             0.50000000000000000000            -0.14585097774372723922             2.12519665681817615521             0.03280000000000000276             1.00000000000000000000            78.75000000000000000000            -0.14505711202533003168
             2.21634057213778445927             0.50000000000000000000            -0.14743787302606867207             2.15920483782897321134             0.03280000000000000276             1.00000000000000000000            79.25000000000000000000            -0.14664456536890208005
             2.24871181107536211030             0.50000000000000000000            -0.14902364093723424743             2.19241985241646508697             0.03280000000000000276             1.00000000000000000000            79.75000000000000000000            -0.14823089884044132747
             2.28033399254357727060             0.50000000000000000000            -0.15060826647893779673             2.22484226801580975419             0.03280000000000000276             1.00000000000000000000            80.25000000000000000000            -0.14981609744166168863
             2.31120506735073227844             0.50000000000000000000            -0.15219173465289320690             2.25647265956131226616             0.03280000000000000276             1.00000000000000000000            80.75000000000000000000            -0.15140014617427693944
             2.34132321538298970864             0.50000000000000000000            -0.15377403046081436488             2.28731160948641676356             0.03280000000000000276             1.00000000000000000000            81.25000000000000000000            -0.15298303004000096683
             2.37068682347148707024             0.50000000000000000000            -0.15535513890441499107             2.31735970772371224768             0.03280000000000000276             1.00000000000000000000            81.75000000000000000000            -0.15456473404054760223
             2.39929446587317452000             0.50000000000000000000            -0.15693504498540902792             2.34661755170493036005             0.03280000000000000276             1.00000000000000000000            82.25000000000000000000            -0.15614524317763070482
             2.42714488701579833574             0.50000000000000000000            -0.15851373370551027908             2.37508574636094627053             0.03280000000000000276             1.00000000000000000000            82.75000000000000000000            -0.15772454245296410602
             2.45423698620963115502             0.50000000000000000000            -0.16009119006643260374             2.40276490412177734513             0.03280000000000000276             1.00000000000000000000            83.25000000000000000000            -0.15930261686826166501
             2.48056980407224747509             0.50000000000000000000            -0.16166739906988986109             2.42965564491658536639             0.03280000000000000276             1.00000000000000000000            83.75000000000000000000            -0.16087945142523721320
             2.50614251044925495648             0.50000000000000000000            -0.16324234571759591028             2.45575859617367386889             0.03280000000000000276             1.00000000000000000000            84.25000000000000000000            -0.16245503112560469305
             2.53095439364472962751             0.50000000000000000000            -0.16481601501126455500             2.48107439282048947149             0.03280000000000000276             1.00000000000000000000            84.75000000000000000000            -0.16402934097107779721
             2.55500485080111339187             0.50000000000000000000            -0.16638839195260968218             2.50560367728362409778             0.03280000000000000276             1.00000000000000000000            85.25000000000000000000            -0.16560236596337044035
             2.57829337929034929644             0.50000000000000000000            -0.16795946154334509548             2.52934709948880875885             0.03280000000000000276             1.00000000000000000000            85.75000000000000000000            -0.16717409110419645391
             2.60081956899676747241             0.50000000000000000000            -0.16952920878518468184             2.55230531686092199095             0.03280000000000000276             1.00000000000000000000            86.25000000000000000000            -0.16874450139526975256
             2.62258309538809930572             0.50000000000000000000            -0.17109761867984227268             2.57447899432398275010             0.03280000000000000276             1.00000000000000000000            86.75000000000000000000            -0.17031358183830408448
             2.64358371328465624472             0.50000000000000000000            -0.17266467622903172718             2.59586880430115174434             0.03280000000000000276             1.00000000000000000000            87.25000000000000000000            -0.17188131743501339210
             2.66382125124830082541             0.50000000000000000000            -0.17423036643446682126             2.61647542671473676279             0.03280000000000000276             1.00000000000000000000            87.75000000000000000000            -0.17344769318711145134
             2.68329560652283838351             0.50000000000000000000            -0.17579467429786149735             2.63629954898618601433             0.03280000000000000276             1.00000000000000000000            88.25000000000000000000            -0.17501269409631212137
             2.70200674046606081902             0.50000000000000000000            -0.17735758482092958688             2.65534186603609034805             0.03280000000000000276             1.00000000000000000000            88.75000000000000000000            -0.17657630516432926138
             2.71995467442108029843             0.50000000000000000000            -0.17891908300538489351             2.67360308028418547366             0.03280000000000000276             1.00000000000000000000            89.25000000000000000000            -0.17813851139287673053
             2.73713948598099188203             0.50000000000000000000            -0.18047915385294133195             2.69108390164934974109             0.03280000000000000276             1.00000000000000000000            89.75000000000000000000            -0.17969929778366833251
             2.75356130560646938932             0.50000000000000000000            -0.18203778236531265033             2.70778504754960280820             0.03280000000000000276             1.00000000000000000000            90.25000000000000000000            -0.18125864933841800974
             2.76922031356073405917             0.50000000000000000000            -0.18359495354421276336             2.72370724290210919349             0.03280000000000000276             1.00000000000000000000            90.75000000000000000000            -0.18281655105883951040
             2.78411673713050644707             0.50000000000000000000            -0.18515065239135547470             2.73885122012317738793             0.03280000000000000276             1.00000000000000000000            91.25000000000000000000            -0.18437298794664669366
             2.79825084810525703816             0.50000000000000000000            -0.18670486390845467128             2.75321771912825496997             0.03280000000000000276             1.00000000000000000000            91.75000000000000000000            -0.18592794500355344645
             2.81162296049026982914             0.50000000000000000000            -0.18825757309722421229             2.76680748733193748734             0.03280000000000000276             1.00000000000000000000            92.25000000000000000000            -0.18748140723127354468
             2.82423342843182378914             0.50000000000000000000            -0.18980876495937795689             2.77962127964796179569             0.03280000000000000276             1.00000000000000000000            92.75000000000000000000            -0.18903335963152095855
             2.83608264433530976589             0.50000000000000000000            -0.19135842449662965326             2.79165985848920428225             0.03280000000000000276             1.00000000000000000000            93.25000000000000000000            -0.19058378720600943623
             2.84717103715927466467             0.50000000000000000000            -0.19290653671069321606             2.80292399376769063579             0.03280000000000000276             1.00000000000000000000            93.75000000000000000000            -0.19213267495645283689
             2.85749907087026411290             0.50000000000000000000            -0.19445308660328250450             2.81341446289458430030             0.03280000000000000276             1.00000000000000000000            94.25000000000000000000            -0.19368000788456501970
             2.86706724304512849955             0.50000000000000000000            -0.19599805917611132222             2.82313205078019580085             0.03280000000000000276             1.00000000000000000000            94.75000000000000000000            -0.19522577099205981610
             2.87587608360889124270             0.50000000000000000000            -0.19754143943089352842             2.83207754983397563819             0.03280000000000000276             1.00000000000000000000            95.25000000000000000000            -0.19676994928065108525
             2.88392615369768856581             0.50000000000000000000            -0.19908321236934303777             2.84025175996451828553             0.03280000000000000276             1.00000000000000000000            95.75000000000000000000            -0.19831252775205276961
             2.89121804463746912006             0.50000000000000000000            -0.20062336299317357069             2.84765548857956307671             0.03280000000000000276             1.00000000000000000000            96.25000000000000000000            -0.19985349140797856182
             2.89775237703023380575             0.50000000000000000000            -0.20216187630409909737             2.85428955058598932126             0.03280000000000000276             1.00000000000000000000            96.75000000000000000000            -0.20139282525014237657
             2.90352979994059001712             0.50000000000000000000            -0.20369873730383339372             2.86015476838982296570             0.03280000000000000276             1.00000000000000000000            97.25000000000000000000            -0.20293051428025801752
             2.90855099017624807445             0.50000000000000000000            -0.20523393099409031892             2.86525197189622993221             0.03280000000000000276             1.00000000000000000000            97.75000000000000000000            -0.20446654350003939937
             2.91281665165693048891             0.50000000000000000000            -0.20676744237658370440             2.86958199850952011545             0.03280000000000000276             1.00000000000000000000            98.25000000000000000000            -0.20600089791120035354
             2.91632751486686814246             0.50000000000000000000            -0.20829925645302752035             2.87314569313314871479             0.03280000000000000276             1.00000000000000000000            98.75000000000000000000            -0.20753356251545471145
             2.91908433638674891242             0.50000000000000000000            -0.20982935822513540391             2.87594390816971001712             0.03280000000000000276             1.00000000000000000000            99.25000000000000000000            -0.20906452231451627677
             2.92108789850162597901             0.50000000000000000000            -0.21135773269462132529             2.87797750352094405812             0.03280000000000000276             1.00000000000000000000            99.75000000000000000000            -0.21059376231009899194
             0.00000000000000000000
