                     50
             1.02571255051313769968             0.50000000000000000000            -0.00596032735415367824             0.89559267319477664504             0.03280000000000000276             1.00000000000000000000            25.25000000000000000000            -0.00591532735415367834
             1.02309184587250379117             0.50000000000000000000            -0.00605032735415367891             0.89259000951769973398             0.03280000000000000276             1.00000000000000000000            25.75000000000000000000            -0.00600532735415367815
             1.02043401797648747298             0.50000000000000000000            -0.00614032735415367872             0.88954234584062297220             0.03280000000000000276             1.00000000000000000000            26.25000000000000000000            -0.00609532735415367882
             1.01773918024602538779             0.50000000000000000000            -0.00623032735415367852             0.88644968216354602664             0.03280000000000000276             1.00000000000000000000            26.75000000000000000000            -0.00618532735415367862
             1.01500744923504893080             0.50000000000000000000            -0.00632032735415367919             0.88331201848646923036             0.03280000000000000276             1.00000000000000000000            27.25000000000000000000            -0.00627532735415367842
             1.01223894471473352397             0.50000000000000000000            -0.00641032735415367899             0.88012935480939236133             0.03280000000000000276             1.00000000000000000000            27.75000000000000000000            -0.00636532735415367909
             1.00943378976073261377             0.50000000000000000000            -0.00650032735415367793             0.87690169113231564157             0.03280000000000000276             1.00000000000000000000            28.25000000000000000000            -0.00645532735415367889
             1.00659211084350674881             0.50000000000000000000            -0.00659032735415367860             0.87362902745523884906             0.03280000000000000276             1.00000000000000000000            28.75000000000000000000            -0.00654532735415367870
             1.00371403792185942550             0.50000000000000000000            -0.00668032735415367840             0.87031136377816187277             0.03280000000000000276             1.00000000000000000000            29.25000000000000000000            -0.00663532735415367850
             1.00079970453980493517             0.50000000000000000000            -0.00677032735415367820             0.86694870010108504577             0.03280000000000000276             1.00000000000000000000            29.75000000000000000000            -0.00672532735415367917
             0.99784924792688522999             0.50000000000000000000            -0.00686032735415367887             0.86354103642400825702             0.03280000000000000276             1.00000000000000000000            30.25000000000000000000            -0.00681532735415367897
             0.99486280910207125494             0.50000000000000000000            -0.00695032735415367867             0.86008837274693139552             0.03280000000000000276             1.00000000000000000000            30.75000000000000000000            -0.00690532735415367964
             0.99184053298138419308             0.50000000000000000000            -0.00704032735415367848             0.85659070906985457228             0.03280000000000000276             1.00000000000000000000            31.25000000000000000000            -0.00699532735415367944
             0.98878256848937129408             0.50000000000000000000            -0.00713032735415367915             0.85304804539277756525             0.03280000000000000276             1.00000000000000000000            31.75000000000000000000            -0.00708532735415367838
             0.98568906867459182841             0.50000000000000000000            -0.00722032735415367895             0.84946038171570081854             0.03280000000000000276             1.00000000000000000000            32.25000000000000000000            -0.00717532735415367818
             0.98256019082925716290             0.50000000000000000000            -0.00731032735415367875             0.84582771803862411009             0.03280000000000000276             1.00000000000000000000            32.75000000000000000000            -0.00726532735415367885
             0.97939609661319204648             0.50000000000000000000            -0.00740032735415367855             0.84215005436154721785             0.03280000000000000276             1.00000000000000000000            33.25000000000000000000            -0.00735532735415367865
             0.97619695218227831024             0.50000000000000000000            -0.00749032735415367835             0.83842739068447036388             0.03280000000000000276             1.00000000000000000000            33.75000000000000000000            -0.00744532735415367845
             0.97296292832155562014             0.50000000000000000000            -0.00758032735415367902             0.83465972700739343715             0.03280000000000000276             1.00000000000000000000            34.25000000000000000000            -0.00753532735415367912
             0.96969420058315869415             0.50000000000000000000            -0.00767032735415367796             0.83084706333031665970             0.03280000000000000276             1.00000000000000000000            34.75000000000000000000            -0.00762532735415367806
             0.96639094942928038812             0.50000000000000000000            -0.00776032735415367776             0.82698939965323980950             0.03280000000000000276             1.00000000000000000000            35.25000000000000000000            -0.00771532735415367786
             0.96305336038035505020             0.50000000000000000000            -0.00785032735415367930             0.82308673597616310857             0.03280000000000000276             1.00000000000000000000            35.75000000000000000000            -0.00780532735415367766
             0.95968162416866531483             0.50000000000000000000            -0.00794032735415367910             0.81913907229908611285             0.03280000000000000276             1.00000000000000000000            36.25000000000000000000            -0.00789532735415367920
             0.95627593689758816353             0.50000000000000000000            -0.00803032735415367890             0.81514640862200937743             0.03280000000000000276             1.00000000000000000000            36.75000000000000000000            -0.00798532735415367900
             0.95283650020669519165             0.50000000000000000000            -0.00812032735415367871             0.81110874494493245823             0.03280000000000000276             1.00000000000000000000            37.25000000000000000000            -0.00807532735415367880
             0.94936352144294633426             0.50000000000000000000            -0.00821032735415367851             0.80702608126785568832             0.03280000000000000276             1.00000000000000000000            37.75000000000000000000            -0.00816532735415367861
             0.94585721383820742236             0.50000000000000000000            -0.00830032735415367831             0.80289841759077873462             0.03280000000000000276             1.00000000000000000000            38.25000000000000000000            -0.00825532735415367841
             0.94231779669335102856             0.50000000000000000000            -0.00839032735415367811             0.79872575391370204123             0.03280000000000000276             1.00000000000000000000            38.75000000000000000000            -0.00834532735415367821
             0.93874549556919262283             0.50000000000000000000            -0.00848032735415367792             0.79450809023662505304             0.03280000000000000276             1.00000000000000000000            39.25000000000000000000            -0.00843532735415367801
             0.93514054248454137053             0.50000000000000000000            -0.00857032735415367945             0.79024542655954821413             0.03280000000000000276             1.00000000000000000000            39.75000000000000000000            -0.00852532735415367782
             0.93150317612164035275             0.50000000000000000000            -0.00866032735415367926             0.78593776288247141348             0.03280000000000000276             1.00000000000000000000            40.25000000000000000000            -0.00861532735415367762
             0.92783364203929719061             0.50000000000000000000            -0.00875032735415367906             0.78158509920539465110             0.03280000000000000276             1.00000000000000000000            40.75000000000000000000            -0.00870532735415367742
             0.92413219289400538869             0.50000000000000000000            -0.00884032735415367886             0.77718743552831781596             0.03280000000000000276             1.00000000000000000000            41.25000000000000000000            -0.00879532735415367896
             0.92039908866938058285             0.50000000000000000000            -0.00893032735415367866             0.77274477185124090806             0.03280000000000000276             1.00000000000000000000            41.75000000000000000000            -0.00888532735415367876
             0.91663459691423898601             0.50000000000000000000            -0.00902032735415367846             0.76825710817416414944             0.03280000000000000276             1.00000000000000000000            42.25000000000000000000            -0.00897532735415367856
             0.91283899298966442171             0.50000000000000000000            -0.00911032735415367827             0.76372444449708731806             0.03280000000000000276             1.00000000000000000000            42.75000000000000000000            -0.00906532735415367837
             0.90901256032542532282             0.50000000000000000000            -0.00920032735415367807             0.75914678082001041393             0.03280000000000000276             1.00000000000000000000            43.25000000000000000000            -0.00915532735415367817
             0.90515559068611139981             0.50000000000000000000            -0.00929032735415367787             0.75452411714293354805             0.03280000000000000276             1.00000000000000000000            43.75000000000000000000            -0.00924532735415367797
             0.90126838444738122114             0.50000000000000000000            -0.00938032735415367941             0.74985645346585672044             0.03280000000000000276             1.00000000000000000000            44.25000000000000000000            -0.00933532735415367951
             0.89735125088272171823             0.50000000000000000000            -0.00947032735415367921             0.74514378978877993109             0.03280000000000000276             1.00000000000000000000            44.75000000000000000000            -0.00942532735415367931
             0.89340450846114194405             0.50000000000000000000            -0.00956032735415367901             0.74038612611170306899             0.03280000000000000276             1.00000000000000000000            45.25000000000000000000            -0.00951532735415367911
             0.88942848515623396111             0.50000000000000000000            -0.00965032735415367882             0.73558346243462624514             0.03280000000000000276             1.00000000000000000000            45.75000000000000000000            -0.00960532735415367891
             0.88542351876705516212             0.50000000000000000000            -0.00974032735415367862             0.73073579875754934854             0.03280000000000000276             1.00000000000000000000            46.25000000000000000000            -0.00969532735415367872
             0.88138995725130042658             0.50000000000000000000            -0.00983032735415367842             0.72584313508047260122             0.03280000000000000276             1.00000000000000000000            46.75000000000000000000            -0.00978532735415367852
             0.87732815907125216714             0.50000000000000000000            -0.00992032735415367822             0.72090547140339578114             0.03280000000000000276             1.00000000000000000000            47.25000000000000000000            -0.00987532735415367832
             0.87323849355301319530             0.50000000000000000000            -0.01001032735415367803             0.71592280772631888830             0.03280000000000000276             1.00000000000000000000            47.75000000000000000000            -0.00996532735415367812
             0.86912134125954632058             0.50000000000000000000            -0.01010032735415367783             0.71089514404924214475             0.03280000000000000276             1.00000000000000000000            48.25000000000000000000            -0.01005532735415367793
             0.86497709437806236110             0.50000000000000000000            -0.01019032735415367763             0.70582248037216510639             0.03280000000000000276             1.00000000000000000000            48.75000000000000000000            -0.01014532735415367773
             0.86080615712232055881             0.50000000000000000000            -0.01028032735415367743             0.70070481669508832834             0.03280000000000000276             1.00000000000000000000            49.25000000000000000000            -0.01023532735415367753
             0.85660894615041860423             0.50000000000000000000            -0.01037032735415367724             0.69554215301801147753             0.03280000000000000276             1.00000000000000000000            49.75000000000000000000            -0.01032532735415367733
            -0.01041532735415367887
