                    125
             0.05000000
             0.05000000074505805969             0.00000000000000000000             0.00000000000000000000             0.00000000000000000000             1.00000000000000000000            18.77500010095536708832             0.00000000000000000000             0.00000000000000000000             0.00000000000000000000            18.72500010021030902863             0.00000000000000000000
             0.05000000074505805969             0.00000000000000000000             0.00000000000000000000             0.00000000000000000000             1.00000000000000000000            18.82500010170042514801             0.00000000000000000000             0.00000000000000000000             0.00000000000000000000            18.77500010095536708832             0.00000000000000000000
             0.05000000074505805969             0.00000000000000000000             0.00000000000000000000             0.00000000000000000000             1.00000000000000000000            18.87500010244548320770             0.00000000000000000000             0.00000000000000000000             0.00000000000000000000            18.82500010170042514801             0.00000000000000000000
             0.05000000074505805969             0.00000000000000000000             0.00000000000000000000             0.00000000000000000000             1.00000000000000000000            18.92500010319054126740             0.00000000000000000000             0.00000000000000000000             0.00000000000000000000            18.87500010244548320770             0.00000000000000000000
             0.05000000074505805969             0.00000000000000000000             0.00000000000000000000             0.00000000000000000000             1.00000000000000000000            18.97500010393559932709             0.00000000000000000000             0.00000000000000000000             0.00000000000000000000            18.92500010319054126740             0.00000000000000000000
             0.05000000074505805969             0.00000000000000000000             0.00000000000000000000             0.00000000000000000000             1.00000000000000000000            19.02500010468065738678             0.00000000000000000000             0.00000000000000000000             0.00000000000000000000            18.97500010393559932709             0.00000000000000000000
             0.05000000074505805969             0.00000000000000000000             0.00000000000000000000             0.00000000000000000000             1.00000000000000000000            19.07500010542571544647             0.00000000000000000000             0.00000000000000000000             0.00000000000000000000            19.02500010468065738678             0.00000000000000000000
             0.05000000074505805969             0.00000000000000000000             0.00000000000000000000             0.00000000000000000000             1.00000000000000000000            19.12500010617077350616             0.00000000000000000000             0.00000000000000000000             0.00000000000000000000            19.07500010542571544647             0.00000000000000000000
             0.05000000074505805969             0.00000000000000000000             0.00000000000000000000             0.00000000000000000000             1.00000000000000000000            19.17500010691583156586             0.00000000000000000000             0.00000000000000000000             0.00000000000000000000            19.12500010617077350616             0.00000000000000000000
             0.05000000074505805969             0.00000000000000000000             0.00000000000000000000             0.00000000000000000000             1.00000000000000000000            19.22500010766088962555             0.00000000000000000000             0.00000000000000000000             0.00000000000000000000            19.17500010691583156586             0.00000000000000000000
             0.05000000074505805969             0.00000000000000000000             0.00000000000000000000             0.00000000000000000000             1.00000000000000000000            19.27500010840594768524             0.00000000000000000000             0.00000000000000000000             0.00000000000000000000            19.22500010766088962555             0.00000000000000000000
             0.05000000074505805969             0.00000000000000000000             0.00000000000000000000             0.00000000000000000000             1.00000000000000000000            19.32500010915100574493             0.00000000000000000000             0.00000000000000000000             0.00000000000000000000            19.27500010840594768524             0.00000000000000000000
             0.05000000074505805969             0.00000000000000000000             0.00000000000000000000             0.00000000000000000000             1.00000000000000000000            19.37500010989606380463             0.00000000000000000000             0.00000000000000000000             0.00000000000000000000            19.32500010915100574493             0.00000000000000000000
             0.05000000074505805969             0.00000000000000000000             0.00000000000000000000             0.00000000000000000000             1.00000000000000000000            19.42500011064112186432             0.00000000000000000000             0.00000000000000000000             0.00000000000000000000            19.37500010989606380463             0.00000000000000000000
             0.05000000074505805969             0.00000000000000000000             0.00000000000000000000             0.00000000000000000000             1.00000000000000000000            19.47500011138617992401             0.00000000000000000000             0.00000000000000000000             0.00000000000000000000            19.42500011064112186432             0.00000000000000000000
             0.05000000074505805969             0.00000000000000000000             0.00000000000000000000             0.00000000000000000000             1.00000000000000000000            19.52500011213123798370             0.00000000000000000000             0.00000000000000000000             0.00000000000000000000            19.47500011138617992401             0.00000000000000000000
             0.05000000074505805969             0.00000000000000000000             0.00000000000000000000             0.00000000000000000000             1.00000000000000000000            19.57500011287629604340             0.00000000000000000000             0.00000000000000000000             0.00000000000000000000            19.52500011213123798370             0.00000000000000000000
             0.05000000074505805969             0.00000000000000000000             0.00000000000000000000             0.00000000000000000000             1.00000000000000000000            19.62500011362135410309             0.00000000000000000000             0.00000000000000000000             0.00000000000000000000            19.57500011287629604340             0.00000000000000000000
             0.05000000074505805969             0.00000000000000000000             0.00000000000000000000             0.00000000000000000000             1.00000000000000000000            19.67500011436641216278             0.00000000000000000000             0.00000000000000000000             0.00000000000000000000            19.62500011362135410309             0.00000000000000000000
             0.05000000074505805969             0.00000000000000000000             0.00000000000000000000             0.00000000000000000000             1.00000000000000000000            19.72500011511147022247             0.00000000000000000000             0.00000000000000000000             0.00000000000000000000            19.67500011436641216278             0.00000000000000000000
             0.05000000074505805969             0.00000000000000000000             0.00000000000000000000             0.00000000000000000000             1.00000000000000000000            19.77500011585652828217             0.00000000000000000000             0.00000000000000000000             0.00000000000000000000            19.72500011511147022247             0.00000000000000000000
             0.05000000074505805969             0.00000000000000000000             0.00000000000000000000             0.00000000000000000000             1.00000000000000000000            19.82500011660158634186             0.00000000000000000000             0.00000000000000000000             0.00000000000000000000            19.77500011585652828217             0.00000000000000000000
             0.05000000074505805969             0.00000000000000000000             0.00000000000000000000             0.00000000000000000000             1.00000000000000000000            19.87500011734664440155             0.00000000000000000000             0.00000000000000000000             0.00000000000000000000            19.82500011660158634186             0.00000000000000000000
             0.05000000074505805969             0.00000000000000000000             0.00000000000000000000             0.00000000000000000000             1.00000000000000000000            19.92500011809170246124             0.00000000000000000000             0.00000000000000000000             0.00000000000000000000            19.87500011734664440155             0.00000000000000000000
             0.05000000074505805969             0.00000000000000000000             0.00000000000000000000             0.00000000000000000000             1.00000000000000000000            19.97500011883676052094             0.00000000000000000000             0.00000000000000000000             0.00000000000000000000            19.92500011809170246124             0.00000000000000000000
             0.05000000074505805969             0.00000000000000000000             0.00000000000000000000             0.00000000000000000000             1.00000000000000000000            20.02500011958181858063             0.00000000000000000000             0.00000000000000000000             0.00000000000000000000            19.97500011883676052094             0.00000000000000000000
             0.05000000074505805969             0.00000000000000000000             0.00000000000000000000             0.00000000000000000000             1.00000000000000000000            20.07500012032687664032             0.00000000000000000000             0.00000000000000000000             0.00000000000000000000            20.02500011958181858063             0.00000000000000000000
             0.05000000074505805969             0.00000000000000000000             0.00000000000000000000             0.00000000000000000000             1.00000000000000000000            20.12500012107193470001             0.00000000000000000000             0.00000000000000000000             0.00000000000000000000            20.07500012032687664032             0.00000000000000000000
             0.05000000074505805969             0.00000000000000000000             0.00000000000000000000             0.00000000000000000000             1.00000000000000000000            20.17500012181699275970             0.00000000000000000000             0.00000000000000000000             0.00000000000000000000            20.12500012107193470001             0.00000000000000000000
             0.05000000074505805969             0.00000000000000000000             0.00000000000000000000             0.00000000000000000000             1.00000000000000000000            20.22500012256205081940             0.00000000000000000000             0.00000000000000000000             0.00000000000000000000            20.17500012181699275970             0.00000000000000000000
             0.05000000074505805969             0.00000000000000000000             0.00000000000000000000             0.00000000000000000000             1.00000000000000000000            20.27500012330710887909             0.00000000000000000000             0.00000000000000000000             0.00000000000000000000            20.22500012256205081940             0.00000000000000000000
             0.05000000074505805969             0.00000000000000000000             0.00000000000000000000             0.00000000000000000000             1.00000000000000000000            20.32500012405216693878             0.00000000000000000000             0.00000000000000000000             0.00000000000000000000            20.27500012330710887909             0.00000000000000000000
             0.05000000074505805969             0.00000000000000000000             0.00000000000000000000             0.00000000000000000000             1.00000000000000000000            20.37500012479722499847             0.00000000000000000000             0.00000000000000000000             0.00000000000000000000            20.32500012405216693878             0.00000000000000000000
             0.05000000074505805969             0.00000000000000000000             0.00000000000000000000             0.00000000000000000000             1.00000000000000000000            20.42500012554228305817             0.00000000000000000000             0.00000000000000000000             0.00000000000000000000            20.37500012479722499847             0.00000000000000000000
             0.05000000074505805969             0.00000000000000000000             0.00000000000000000000             0.00000000000000000000             1.00000000000000000000            20.47500012628734111786             0.00000000000000000000             0.00000000000000000000             0.00000000000000000000            20.42500012554228305817             0.00000000000000000000
             0.05000000074505805969             0.00000000000000000000             0.00000000000000000000             0.00000000000000000000             1.00000000000000000000            20.52500012703239917755             0.00000000000000000000             0.00000000000000000000             0.00000000000000000000            20.47500012628734111786             0.00000000000000000000
             0.05000000074505805969             0.00000000000000000000             0.00000000000000000000             0.00000000000000000000             1.00000000000000000000            20.57500012777745723724             0.00000000000000000000             0.00000000000000000000             0.00000000000000000000            20.52500012703239917755             0.00000000000000000000
             0.05000000074505805969             0.00000000000000000000             0.00000000000000000000             0.00000000000000000000             1.00000000000000000000            20.62500012852251529694             0.00000000000000000000             0.00000000000000000000             0.00000000000000000000            20.57500012777745723724             0.00000000000000000000
             0.05000000074505805969             0.00000000000000000000             0.00000000000000000000             0.00000000000000000000             1.00000000000000000000            20.67500012926757335663             0.00000000000000000000             0.00000000000000000000             0.00000000000000000000            20.62500012852251529694             0.00000000000000000000
             0.05000000074505805969             0.00000000000000000000             0.00000000000000000000             0.00000000000000000000             1.00000000000000000000            20.72500013001263141632             0.00000000000000000000             0.00000000000000000000             0.00000000000000000000            20.67500012926757335663             0.00000000000000000000
             0.05000000074505805969             0.00000000000000000000             0.00000000000000000000             0.00000000000000000000             1.00000000000000000000            20.77500013075768947601             0.00000000000000000000             0.00000000000000000000             0.00000000000000000000            20.72500013001263141632             0.00000000000000000000
             0.05000000074505805969             0.00000000000000000000             0.00000000000000000000             0.00000000000000000000             1.00000000000000000000            20.82500013150274753571             0.00000000000000000000             0.00000000000000000000             0.00000000000000000000            20.77500013075768947601             0.00000000000000000000
             0.05000000074505805969             0.00000000000000000000             0.00000000000000000000             0.00000000000000000000             1.00000000000000000000            20.87500013224780559540             0.00000000000000000000             0.00000000000000000000             0.00000000000000000000            20.82500013150274753571             0.00000000000000000000
             0.05000000074505805969             0.00000000000000000000             0.00000000000000000000             0.00000000000000000000             1.00000000000000000000            20.92500013299286365509             0.00000000000000000000             0.00000000000000000000             0.00000000000000000000            20.87500013224780559540             0.00000000000000000000
             0.05000000074505805969             0.00000000000000000000             0.00000000000000000000             0.00000000000000000000             1.00000000000000000000            20.97500013373792171478             0.00000000000000000000             0.00000000000000000000             0.00000000000000000000            20.92500013299286365509             0.00000000000000000000
             0.05000000074505805969             0.00000000000000000000             0.00000000000000000000             0.00000000000000000000             1.00000000000000000000            21.02500013448297977448             0.00000000000000000000             0.00000000000000000000             0.00000000000000000000            20.97500013373792171478             0.00000000000000000000
             0.05000000074505805969             0.00000000000000000000             0.00000000000000000000             0.00000000000000000000             1.00000000000000000000            21.07500013522803783417             0.00000000000000000000             0.00000000000000000000             0.00000000000000000000            21.02500013448297977448             0.00000000000000000000
             0.05000000074505805969             0.00000000000000000000             0.00000000000000000000             0.00000000000000000000             1.00000000000000000000            21.12500013597309589386             0.00000000000000000000             0.00000000000000000000             0.00000000000000000000            21.07500013522803783417             0.00000000000000000000
             0.05000000074505805969             0.00000000000000000000             0.00000000000000000000             0.00000000000000000000             1.00000000000000000000            21.17500013671815395355             0.00000000000000000000             0.00000000000000000000             0.00000000000000000000            21.12500013597309589386             0.00000000000000000000
             0.05000000074505805969             0.00000000000000000000             0.00000000000000000000             0.00000000000000000000             1.00000000000000000000            21.22500013746321201324             0.00000000000000000000             0.00000000000000000000             0.00000000000000000000            21.17500013671815395355             0.00000000000000000000
             0.05000000074505805969             0.00000000000000000000             0.00000000000000000000             0.00000000000000000000             1.00000000000000000000            21.27500013820827007294             0.00000000000000000000             0.00000000000000000000             0.00000000000000000000            21.22500013746321201324             0.00000000000000000000
             0.05000000074505805969             0.00000000000000000000             0.00000000000000000000             0.00000000000000000000             1.00000000000000000000            21.32500013895332813263             0.00000000000000000000             0.00000000000000000000             0.00000000000000000000            21.27500013820827007294             0.00000000000000000000
             0.05000000074505805969             0.00000000000000000000             0.00000000000000000000             0.00000000000000000000             1.00000000000000000000            21.37500013969838619232             0.00000000000000000000             0.00000000000000000000             0.00000000000000000000            21.32500013895332813263             0.00000000000000000000
             0.05000000074505805969             0.00000000000000000000             0.00000000000000000000             0.00000000000000000000             1.00000000000000000000            21.42500014044344425201             0.00000000000000000000             0.00000000000000000000             0.00000000000000000000            21.37500013969838619232             0.00000000000000000000
             0.05000000074505805969             0.00000000000000000000             0.00000000000000000000             0.00000000000000000000             1.00000000000000000000            21.47500014118850231171             0.00000000000000000000             0.00000000000000000000             0.00000000000000000000            21.42500014044344425201             0.00000000000000000000
             0.05000000074505805969             0.00000000000000000000             0.00000000000000000000             0.00000000000000000000             1.00000000000000000000            21.52500014193356037140             0.00000000000000000000             0.00000000000000000000             0.00000000000000000000            21.47500014118850231171             0.00000000000000000000
             0.05000000074505805969             0.00000000000000000000             0.00000000000000000000             0.00000000000000000000             1.00000000000000000000            21.57500014267861843109             0.00000000000000000000             0.00000000000000000000             0.00000000000000000000            21.52500014193356037140             0.00000000000000000000
             0.05000000074505805969             0.00000000000000000000             0.00000000000000000000             0.00000000000000000000             1.00000000000000000000            21.62500014342367649078             0.00000000000000000000             0.00000000000000000000             0.00000000000000000000            21.57500014267861843109             0.00000000000000000000
             0.05000000074505805969             0.00000000000000000000             0.00000000000000000000             0.00000000000000000000             1.00000000000000000000            21.67500014416873455048             0.00000000000000000000             0.00000000000000000000             0.00000000000000000000            21.62500014342367649078             0.00000000000000000000
             0.05000000074505805969             0.00000000000000000000             0.00000000000000000000             0.00000000000000000000             1.00000000000000000000            21.72500014491379261017             0.00000000000000000000             0.00000000000000000000             0.00000000000000000000            21.67500014416873455048             0.00000000000000000000
             0.05000000074505805969             0.00000000000000000000             0.00000000000000000000             0.00000000000000000000             1.00000000000000000000            21.77500014565885066986             0.00000000000000000000             0.00000000000000000000             0.00000000000000000000            21.72500014491379261017             0.00000000000000000000
             0.05000000074505805969             0.00000000000000000000             0.00000000000000000000             0.00000000000000000000             1.00000000000000000000            21.82500014640390872955             0.00000000000000000000             0.00000000000000000000             0.00000000000000000000            21.77500014565885066986             0.00000000000000000000
             0.05000000074505805969             0.00000000000000000000             0.00000000000000000000             0.00000000000000000000             1.00000000000000000000            21.87500014714896678925             0.00000000000000000000             0.00000000000000000000             0.00000000000000000000            21.82500014640390872955             0.00000000000000000000
             0.05000000074505805969             0.00000000000000000000             0.00000000000000000000             0.00000000000000000000             1.00000000000000000000            21.92500014789402484894             0.00000000000000000000             0.00000000000000000000             0.00000000000000000000            21.87500014714896678925             0.00000000000000000000
             0.05000000074505805969             0.00000000000000000000             0.00000000000000000000             0.00000000000000000000             1.00000000000000000000            21.97500014863908290863             0.00000000000000000000             0.00000000000000000000             0.00000000000000000000            21.92500014789402484894             0.00000000000000000000
             0.05000000074505805969             0.00000000000000000000             0.00000000000000000000             0.00000000000000000000             1.00000000000000000000            22.02500014938414096832             0.00000000000000000000             0.00000000000000000000             0.00000000000000000000            21.97500014863908290863             0.00000000000000000000
             0.05000000074505805969             0.00000000000000000000             0.00000000000000000000             0.00000000000000000000             1.00000000000000000000            22.07500015012919902802             0.00000000000000000000             0.00000000000000000000             0.00000000000000000000            22.02500014938414096832             0.00000000000000000000
             0.05000000074505805969             0.00000000000000000000             0.00000000000000000000             0.00000000000000000000             1.00000000000000000000            22.12500015087425708771             0.00000000000000000000             0.00000000000000000000             0.00000000000000000000            22.07500015012919902802             0.00000000000000000000
             0.05000000074505805969             0.00000000000000000000             0.00000000000000000000             0.00000000000000000000             1.00000000000000000000            22.17500015161931514740             0.00000000000000000000             0.00000000000000000000             0.00000000000000000000            22.12500015087425708771             0.00000000000000000000
             0.05000000074505805969             0.00000000000000000000             0.00000000000000000000             0.00000000000000000000             1.00000000000000000000            22.22500015236437320709             0.00000000000000000000             0.00000000000000000000             0.00000000000000000000            22.17500015161931514740             0.00000000000000000000
             0.05000000074505805969             0.00000000000000000000             0.00000000000000000000             0.00000000000000000000             1.00000000000000000000            22.27500015310943126678             0.00000000000000000000             0.00000000000000000000             0.00000000000000000000            22.22500015236437320709             0.00000000000000000000
             0.05000000074505805969             0.00000000000000000000             0.00000000000000000000             0.00000000000000000000             1.00000000000000000000            22.32500015385448932648             0.00000000000000000000             0.00000000000000000000             0.00000000000000000000            22.27500015310943126678             0.00000000000000000000
             0.05000000074505805969             0.00000000000000000000             0.00000000000000000000             0.00000000000000000000             1.00000000000000000000            22.37500015459954738617             0.00000000000000000000             0.00000000000000000000             0.00000000000000000000            22.32500015385448932648             0.00000000000000000000
             0.05000000074505805969             0.00000000000000000000             0.00000000000000000000             0.00000000000000000000             1.00000000000000000000            22.42500015534460544586             0.00000000000000000000             0.00000000000000000000             0.00000000000000000000            22.37500015459954738617             0.00000000000000000000
             0.05000000074505805969             0.00000000000000000000             0.00000000000000000000             0.00000000000000000000             1.00000000000000000000            22.47500015608966350555             0.00000000000000000000             0.00000000000000000000             0.00000000000000000000            22.42500015534460544586             0.00000000000000000000
             0.05000000074505805969             0.00000000000000000000             0.00000000000000000000             0.00000000000000000000             1.00000000000000000000            22.52500015683472156525             0.00000000000000000000             0.00000000000000000000             0.00000000000000000000            22.47500015608966350555             0.00000000000000000000
             0.05000000074505805969             0.00000000000000000000             0.00000000000000000000             0.00000000000000000000             1.00000000000000000000            22.57500015757977962494             0.00000000000000000000             0.00000000000000000000             0.00000000000000000000            22.52500015683472156525             0.00000000000000000000
             0.05000000074505805969             0.00000000000000000000             0.00000000000000000000             0.00000000000000000000             1.00000000000000000000            22.62500015832483768463             0.00000000000000000000             0.00000000000000000000             0.00000000000000000000            22.57500015757977962494             0.00000000000000000000
             0.05000000074505805969             0.00000000000000000000             0.00000000000000000000             0.00000000000000000000             1.00000000000000000000            22.67500015906989574432             0.00000000000000000000             0.00000000000000000000             0.00000000000000000000            22.62500015832483768463             0.00000000000000000000
             0.05000000074505805969             0.00000000000000000000             0.00000000000000000000             0.00000000000000000000             1.00000000000000000000            22.72500015981495380402             0.00000000000000000000             0.00000000000000000000             0.00000000000000000000            22.67500015906989574432             0.00000000000000000000
             0.05000000074505805969             0.00000000000000000000             0.00000000000000000000             0.00000000000000000000             1.00000000000000000000            22.77500016056001186371             0.00000000000000000000             0.00000000000000000000             0.00000000000000000000            22.72500015981495380402             0.00000000000000000000
             0.05000000074505805969             0.00000000000000000000             0.00000000000000000000             0.00000000000000000000             1.00000000000000000000            22.82500016130506992340             0.00000000000000000000             0.00000000000000000000             0.00000000000000000000            22.77500016056001186371             0.00000000000000000000
             0.05000000074505805969             0.00000000000000000000             0.00000000000000000000             0.00000000000000000000             1.00000000000000000000            22.87500016205012798309             0.00000000000000000000             0.00000000000000000000             0.00000000000000000000            22.82500016130506992340             0.00000000000000000000
             0.05000000074505805969             0.00000000000000000000             0.00000000000000000000             0.00000000000000000000             1.00000000000000000000            22.92500016279518604279             0.00000000000000000000             0.00000000000000000000             0.00000000000000000000            22.87500016205012798309             0.00000000000000000000
             0.05000000074505805969             0.00000000000000000000             0.00000000000000000000             0.00000000000000000000             1.00000000000000000000            22.97500016354024410248             0.00000000000000000000             0.00000000000000000000             0.00000000000000000000            22.92500016279518604279             0.00000000000000000000
             0.05000000074505805969             0.00000000000000000000             0.00000000000000000000             0.00000000000000000000             1.00000000000000000000            23.02500016428530216217             0.00000000000000000000             0.00000000000000000000             0.00000000000000000000            22.97500016354024410248             0.00000000000000000000
             0.05000000074505805969             0.00000000000000000000             0.00000000000000000000             0.00000000000000000000             1.00000000000000000000            23.07500016503036022186             0.00000000000000000000             0.00000000000000000000             0.00000000000000000000            23.02500016428530216217             0.00000000000000000000
             0.05000000074505805969             0.00000000000000000000             0.00000000000000000000             0.00000000000000000000             1.00000000000000000000            23.12500016577541828156             0.00000000000000000000             0.00000000000000000000             0.00000000000000000000            23.07500016503036022186             0.00000000000000000000
             0.05000000074505805969             0.00000000000000000000             0.00000000000000000000             0.00000000000000000000             1.00000000000000000000            23.17500016652047634125             0.00000000000000000000             0.00000000000000000000             0.00000000000000000000            23.12500016577541828156             0.00000000000000000000
             0.05000000074505805969             0.00000000000000000000             0.00000000000000000000             0.00000000000000000000             1.00000000000000000000            23.22500016726553440094             0.00000000000000000000             0.00000000000000000000             0.00000000000000000000            23.17500016652047634125             0.00000000000000000000
             0.05000000074505805969             0.00000000000000000000             0.00000000000000000000             0.00000000000000000000             1.00000000000000000000            23.27500016801059246063             0.00000000000000000000             0.00000000000000000000             0.00000000000000000000            23.22500016726553440094             0.00000000000000000000
             0.05000000074505805969             0.00000000000000000000             0.00000000000000000000             0.00000000000000000000             1.00000000000000000000            23.32500016875565052032             0.00000000000000000000             0.00000000000000000000             0.00000000000000000000            23.27500016801059246063             0.00000000000000000000
             0.05000000074505805969             0.00000000000000000000             0.00000000000000000000             0.00000000000000000000             1.00000000000000000000            23.37500016950070858002             0.00000000000000000000             0.00000000000000000000             0.00000000000000000000            23.32500016875565052032             0.00000000000000000000
             0.05000000074505805969             0.00000000000000000000             0.00000000000000000000             0.00000000000000000000             1.00000000000000000000            23.42500017024576663971             0.00000000000000000000             0.00000000000000000000             0.00000000000000000000            23.37500016950070858002             0.00000000000000000000
             0.05000000074505805969             0.00000000000000000000             0.00000000000000000000             0.00000000000000000000             1.00000000000000000000            23.47500017099082469940             0.00000000000000000000             0.00000000000000000000             0.00000000000000000000            23.42500017024576663971             0.00000000000000000000
             0.05000000074505805969             0.00000000000000000000             0.00000000000000000000             0.00000000000000000000             1.00000000000000000000            23.52500017173588275909             0.00000000000000000000             0.00000000000000000000             0.00000000000000000000            23.47500017099082469940             0.00000000000000000000
             0.05000000074505805969             0.00000000000000000000             0.00000000000000000000             0.00000000000000000000             1.00000000000000000000            23.57500017248094081879             0.00000000000000000000             0.00000000000000000000             0.00000000000000000000            23.52500017173588275909             0.00000000000000000000
             0.05000000074505805969             0.00000000000000000000             0.00000000000000000000             0.00000000000000000000             1.00000000000000000000            23.62500017322599887848             0.00000000000000000000             0.00000000000000000000             0.00000000000000000000            23.57500017248094081879             0.00000000000000000000
             0.05000000074505805969             0.00000000000000000000             0.00000000000000000000             0.00000000000000000000             1.00000000000000000000            23.67500017397105693817             0.00000000000000000000             0.00000000000000000000             0.00000000000000000000            23.62500017322599887848             0.00000000000000000000
             0.05000000074505805969             0.00000000000000000000             0.00000000000000000000             0.00000000000000000000             1.00000000000000000000            23.72500017471611499786             0.00000000000000000000             0.00000000000000000000             0.00000000000000000000            23.67500017397105693817             0.00000000000000000000
             0.05000000074505805969             0.00000000000000000000             0.00000000000000000000             0.00000000000000000000             1.00000000000000000000            23.77500017546117305756             0.00000000000000000000             0.00000000000000000000             0.00000000000000000000            23.72500017471611499786             0.00000000000000000000
             0.05000000074505805969             0.00000000000000000000             0.00000000000000000000             0.00000000000000000000             1.00000000000000000000            23.82500017620623111725             0.00000000000000000000             0.00000000000000000000             0.00000000000000000000            23.77500017546117305756             0.00000000000000000000
             0.05000000074505805969             0.00000000000000000000             0.00000000000000000000             0.00000000000000000000             1.00000000000000000000            23.87500017695128917694             0.00000000000000000000             0.00000000000000000000             0.00000000000000000000            23.82500017620623111725             0.00000000000000000000
             0.05000000074505805969             0.00000000000000000000             0.00000000000000000000             0.00000000000000000000             1.00000000000000000000            23.92500017769634723663             0.00000000000000000000             0.00000000000000000000             0.00000000000000000000            23.87500017695128917694             0.00000000000000000000
             0.05000000074505805969             0.00000000000000000000             0.00000000000000000000             0.00000000000000000000             1.00000000000000000000            23.97500017844140529633             0.00000000000000000000             0.00000000000000000000             0.00000000000000000000            23.92500017769634723663             0.00000000000000000000
             0.05000000074505805969             0.00000000000000000000             0.00000000000000000000             0.00000000000000000000             1.00000000000000000000            24.02500017918646335602             0.00000000000000000000             0.00000000000000000000             0.00000000000000000000            23.97500017844140529633             0.00000000000000000000
             0.05000000074505805969             0.00000000000000000000             0.00000000000000000000             0.00000000000000000000             1.00000000000000000000            24.07500017993152141571             0.00000000000000000000             0.00000000000000000000             0.00000000000000000000            24.02500017918646335602             0.00000000000000000000
             0.05000000074505805969             0.00000000000000000000             0.00000000000000000000             0.00000000000000000000             1.00000000000000000000            24.12500018067657947540             0.00000000000000000000             0.00000000000000000000             0.00000000000000000000            24.07500017993152141571             0.00000000000000000000
             0.05000000074505805969             0.00000000000000000000             0.00000000000000000000             0.00000000000000000000             1.00000000000000000000            24.17500018142163753510             0.00000000000000000000             0.00000000000000000000             0.00000000000000000000            24.12500018067657947540             0.00000000000000000000
             0.05000000074505805969             0.00000000000000000000             0.00000000000000000000             0.00000000000000000000             1.00000000000000000000            24.22500018216669559479             0.00000000000000000000             0.00000000000000000000             0.00000000000000000000            24.17500018142163753510             0.00000000000000000000
             0.05000000074505805969             0.00000000000000000000             0.00000000000000000000             0.00000000000000000000             1.00000000000000000000            24.27500018291175365448             0.00000000000000000000             0.00000000000000000000             0.00000000000000000000            24.22500018216669559479             0.00000000000000000000
             0.05000000074505805969             0.00000000000000000000             0.00000000000000000000             0.00000000000000000000             1.00000000000000000000            24.32500018365681171417             0.00000000000000000000             0.00000000000000000000             0.00000000000000000000            24.27500018291175365448             0.00000000000000000000
             0.05000000074505805969             0.00000000000000000000             0.00000000000000000000             0.00000000000000000000             1.00000000000000000000            24.37500018440186977386             0.00000000000000000000             0.00000000000000000000             0.00000000000000000000            24.32500018365681171417             0.00000000000000000000
             0.05000000074505805969             0.00000000000000000000             0.00000000000000000000             0.00000000000000000000             1.00000000000000000000            24.42500018514692783356             0.00000000000000000000             0.00000000000000000000             0.00000000000000000000            24.37500018440186977386             0.00000000000000000000
             0.05000000074505805969             0.00000000000000000000             0.00000000000000000000             0.00000000000000000000             1.00000000000000000000            24.47500018589198589325             0.00000000000000000000             0.00000000000000000000             0.00000000000000000000            24.42500018514692783356             0.00000000000000000000
             0.05000000074505805969             0.00000000000000000000             0.00000000000000000000             0.00000000000000000000             1.00000000000000000000            24.52500018663704395294             0.00000000000000000000             0.00000000000000000000             0.00000000000000000000            24.47500018589198589325             0.00000000000000000000
             0.05000000074505805969             0.00000000000000000000             0.00000000000000000000             0.00000000000000000000             1.00000000000000000000            24.57500018738210201263             0.00000000000000000000             0.00000000000000000000             0.00000000000000000000            24.52500018663704395294             0.00000000000000000000
             0.05000000074505805969             0.00000000000000000000             0.00000000000000000000             0.00000000000000000000             1.00000000000000000000            24.62500018812716007233             0.00000000000000000000             0.00000000000000000000             0.00000000000000000000            24.57500018738210201263             0.00000000000000000000
             0.05000000074505805969             0.00000000000000000000             0.00000000000000000000             0.00000000000000000000             1.00000000000000000000            24.67500018887221813202             0.00000000000000000000             0.00000000000000000000             0.00000000000000000000            24.62500018812716007233             0.00000000000000000000
             0.05000000074505805969             0.00000000000000000000             0.00000000000000000000             0.00000000000000000000             1.00000000000000000000            24.72500018961727619171             0.00000000000000000000             0.00000000000000000000             0.00000000000000000000            24.67500018887221813202             0.00000000000000000000
             0.05000000074505805969             0.00000000000000000000             0.00000000000000000000             0.00000000000000000000             1.00000000000000000000            24.77500019036233425140             0.00000000000000000000             0.00000000000000000000             0.00000000000000000000            24.72500018961727619171             0.00000000000000000000
             0.05000000074505805969             0.00000000000000000000             0.00000000000000000000             0.00000000000000000000             1.00000000000000000000            24.82500019110739231110             0.00000000000000000000             0.00000000000000000000             0.00000000000000000000            24.77500019036233425140             0.00000000000000000000
             0.05000000074505805969             0.00000000000000000000             0.00000000000000000000             0.00000000000000000000             1.00000000000000000000            24.87500019185245037079             0.00000000000000000000             0.00000000000000000000             0.00000000000000000000            24.82500019110739231110             0.00000000000000000000
             0.05000000074505805969             0.00000000000000000000             0.00000000000000000000             0.00000000000000000000             1.00000000000000000000            24.92500019259750843048             0.00000000000000000000             0.00000000000000000000             0.00000000000000000000            24.87500019185245037079             0.00000000000000000000
             0.04999980702996253967             0.00000000000000000000             0.00000000000000000000             0.00000000000000000000             1.00000000000000000000            24.97500009648501873016             0.00000000000000000000             0.00000000000000000000             0.00000000000000000000            24.92500019259750843048            24.95000019297003746033
             0.00000000000000000000
