                    125
             0.05000000
             0.05000000074505805969             0.00000000000000000000             0.00000000000000000000             0.00000000000000000000             1.00000000000000000000             6.27500009350478649139             0.00000000000000000000             0.00000000000000000000             0.00000000000000000000            12.50000000745058059692            12.55000000819563865662
             0.05000000074505805969             0.00000000000000000000             0.00000000000000000000             0.00000000000000000000             1.00000000000000000000             6.32500009424984455109             0.00000000000000000000             0.00000000000000000000             0.00000000000000000000            12.60000000894069671631            12.65000000968575477600
             0.05000000074505805969             0.00000000000000000000             0.00000000000000000000             0.00000000000000000000             1.00000000000000000000             6.37500009499490261078             0.00000000000000000000             0.00000000000000000000             0.00000000000000000000            12.70000001043081283569            12.75000001117587089539
             0.05000000074505805969             0.00000000000000000000             0.00000000000000000000             0.00000000000000000000             1.00000000000000000000             6.42500009573996067047             0.00000000000000000000             0.00000000000000000000             0.00000000000000000000            12.80000001192092895508            12.85000001266598701477
             0.05000000074505805969             0.00000000000000000000             0.00000000000000000000             0.00000000000000000000             1.00000000000000000000             6.47500009648501873016             0.00000000000000000000             0.00000000000000000000             0.00000000000000000000            12.90000001341104507446            12.95000001415610313416
             0.05000000074505805969             0.00000000000000000000             0.00000000000000000000             0.00000000000000000000             1.00000000000000000000             6.52500009723007678986             0.00000000000000000000             0.00000000000000000000             0.00000000000000000000            13.00000001490116119385            13.05000001564621925354
             0.05000000074505805969             0.00000000000000000000             0.00000000000000000000             0.00000000000000000000             1.00000000000000000000             6.57500009797513484955             0.00000000000000000000             0.00000000000000000000             0.00000000000000000000            13.10000001639127731323            13.15000001713633537292
             0.05000000074505805969             0.00000000000000000000             0.00000000000000000000             0.00000000000000000000             1.00000000000000000000             6.62500009872019290924             0.00000000000000000000             0.00000000000000000000             0.00000000000000000000            13.20000001788139343262            13.25000001862645149231
             0.05000000074505805969             0.00000000000000000000             0.00000000000000000000             0.00000000000000000000             1.00000000000000000000             6.67500009946525096893             0.00000000000000000000             0.00000000000000000000             0.00000000000000000000            13.30000001937150955200            13.35000002011656761169
             0.05000000074505805969             0.00000000000000000000             0.00000000000000000000             0.00000000000000000000             1.00000000000000000000             6.72500010021030902863             0.00000000000000000000             0.00000000000000000000             0.00000000000000000000            13.40000002086162567139            13.45000002160668373108
             0.05000000074505805969             0.00000000000000000000             0.00000000000000000000             0.00000000000000000000             1.00000000000000000000             6.77500010095536708832             0.00000000000000000000             0.00000000000000000000             0.00000000000000000000            13.50000002235174179077            13.55000002309679985046
             0.05000000074505805969             0.00000000000000000000             0.00000000000000000000             0.00000000000000000000             1.00000000000000000000             6.82500010170042514801             0.00000000000000000000             0.00000000000000000000             0.00000000000000000000            13.60000002384185791016            13.65000002458691596985
             0.05000000074505805969             0.00000000000000000000             0.00000000000000000000             0.00000000000000000000             1.00000000000000000000             6.87500010244548320770             0.00000000000000000000             0.00000000000000000000             0.00000000000000000000            13.70000002533197402954            13.75000002607703208923
             0.05000000074505805969             0.00000000000000000000             0.00000000000000000000             0.00000000000000000000             1.00000000000000000000             6.92500010319054126740             0.00000000000000000000             0.00000000000000000000             0.00000000000000000000            13.80000002682209014893            13.85000002756714820862
             0.05000000074505805969             0.00000000000000000000             0.00000000000000000000             0.00000000000000000000             1.00000000000000000000             6.97500010393559932709             0.00000000000000000000             0.00000000000000000000             0.00000000000000000000            13.90000002831220626831            13.95000002905726432800
             0.05000000074505805969             0.00000000000000000000             0.00000000000000000000             0.00000000000000000000             1.00000000000000000000             7.02500010468065738678             0.00000000000000000000             0.00000000000000000000             0.00000000000000000000            14.00000002980232238770            14.05000003054738044739
             0.05000000074505805969             0.00000000000000000000             0.00000000000000000000             0.00000000000000000000             1.00000000000000000000             7.07500010542571544647             0.00000000000000000000             0.00000000000000000000             0.00000000000000000000            14.10000003129243850708            14.15000003203749656677
             0.05000000074505805969             0.00000000000000000000             0.00000000000000000000             0.00000000000000000000             1.00000000000000000000             7.12500010617077350616             0.00000000000000000000             0.00000000000000000000             0.00000000000000000000            14.20000003278255462646            14.25000003352761268616
             0.05000000074505805969             0.00000000000000000000             0.00000000000000000000             0.00000000000000000000             1.00000000000000000000             7.17500010691583156586             0.00000000000000000000             0.00000000000000000000             0.00000000000000000000            14.30000003427267074585            14.35000003501772880554
             0.05000000074505805969             0.00000000000000000000             0.00000000000000000000             0.00000000000000000000             1.00000000000000000000             7.22500010766088962555             0.00000000000000000000             0.00000000000000000000             0.00000000000000000000            14.40000003576278686523            14.45000003650784492493
             0.05000000074505805969             0.00000000000000000000             0.00000000000000000000             0.00000000000000000000             1.00000000000000000000             7.27500010840594768524             0.00000000000000000000             0.00000000000000000000             0.00000000000000000000            14.50000003725290298462            14.55000003799796104431
             0.05000000074505805969             0.00000000000000000000             0.00000000000000000000             0.00000000000000000000             1.00000000000000000000             7.32500010915100574493             0.00000000000000000000             0.00000000000000000000             0.00000000000000000000            14.60000003874301910400            14.65000003948807716370
             0.05000000074505805969             0.00000000000000000000             0.00000000000000000000             0.00000000000000000000             1.00000000000000000000             7.37500010989606380463             0.00000000000000000000             0.00000000000000000000             0.00000000000000000000            14.70000004023313522339            14.75000004097819328308
             0.05000000074505805969             0.00000000000000000000             0.00000000000000000000             0.00000000000000000000             1.00000000000000000000             7.42500011064112186432             0.00000000000000000000             0.00000000000000000000             0.00000000000000000000            14.80000004172325134277            14.85000004246830940247
             0.05000000074505805969             0.00000000000000000000             0.00000000000000000000             0.00000000000000000000             1.00000000000000000000             7.47500011138617992401             0.00000000000000000000             0.00000000000000000000             0.00000000000000000000            14.90000004321336746216            14.95000004395842552185
             0.05000000074505805969             0.00000000000000000000             0.00000000000000000000             0.00000000000000000000             1.00000000000000000000             7.52500011213123798370             0.00000000000000000000             0.00000000000000000000             0.00000000000000000000            15.00000004470348358154            15.05000004544854164124
             0.05000000074505805969             0.00000000000000000000             0.00000000000000000000             0.00000000000000000000             1.00000000000000000000             7.57500011287629604340             0.00000000000000000000             0.00000000000000000000             0.00000000000000000000            15.10000004619359970093            15.15000004693865776062
             0.05000000074505805969             0.00000000000000000000             0.00000000000000000000             0.00000000000000000000             1.00000000000000000000             7.62500011362135410309             0.00000000000000000000             0.00000000000000000000             0.00000000000000000000            15.20000004768371582031            15.25000004842877388000
             0.05000000074505805969             0.00000000000000000000             0.00000000000000000000             0.00000000000000000000             1.00000000000000000000             7.67500011436641216278             0.00000000000000000000             0.00000000000000000000             0.00000000000000000000            15.30000004917383193970            15.35000004991888999939
             0.05000000074505805969             0.00000000000000000000             0.00000000000000000000             0.00000000000000000000             1.00000000000000000000             7.72500011511147022247             0.00000000000000000000             0.00000000000000000000             0.00000000000000000000            15.40000005066394805908            15.45000005140900611877
             0.05000000074505805969             0.00000000000000000000             0.00000000000000000000             0.00000000000000000000             1.00000000000000000000             7.77500011585652828217             0.00000000000000000000             0.00000000000000000000             0.00000000000000000000            15.50000005215406417847            15.55000005289912223816
             0.05000000074505805969             0.00000000000000000000             0.00000000000000000000             0.00000000000000000000             1.00000000000000000000             7.82500011660158634186             0.00000000000000000000             0.00000000000000000000             0.00000000000000000000            15.60000005364418029785            15.65000005438923835754
             0.05000000074505805969             0.00000000000000000000             0.00000000000000000000             0.00000000000000000000             1.00000000000000000000             7.87500011734664440155             0.00000000000000000000             0.00000000000000000000             0.00000000000000000000            15.70000005513429641724            15.75000005587935447693
             0.05000000074505805969             0.00000000000000000000             0.00000000000000000000             0.00000000000000000000             1.00000000000000000000             7.92500011809170246124             0.00000000000000000000             0.00000000000000000000             0.00000000000000000000            15.80000005662441253662            15.85000005736947059631
             0.04999988153576850891             0.00000000000000000000             0.00000000000000000000             0.00000000000000000000             1.00000000000000000000             7.97500005923211574554             0.00000000000000000000             0.00000000000000000000             0.00000000000000000000            15.90000005811452865601            15.95000005885958671570
             0.05024627898461191816             0.19749999996274711367             0.00496875007357450160             0.00000000000000000000             1.00000000000000000000             8.02500000037252902985             0.20000000000000001110             0.00000000000000000000             0.00000000000000000000            16.00000005960464477539            16.05000006034970283508
             0.05212141289720913229             0.19249999988824129105             0.01471875021513552317             0.00000000000000000000             1.00000000000000000000             8.07500000111758708954             0.19499999992549421624             0.00496875007357450160             0.00987500014528633341            16.10000006109476089478            16.15000006183981895447
             0.05555670925266280313             0.18749999981373549618             0.02421875034924597658             0.00000000000000000000             1.00000000000000000000             8.12500000186264514923             0.18999999985098839361             0.01471875021513552317             0.01950000028312207090            16.20000006258487701416            16.25000006332993507385
             0.06016774329260034249             0.18249999973922970131             0.03346875047590583407             0.00000000000000000000             1.00000000000000000000             8.17500000260770320892             0.18499999977648259875             0.02421875034924597658             0.02887500041350721247            16.30000006407499313354            16.35000006482005119324
             0.06560179000313862141             0.17749999966472387869             0.04246875059511512340             0.00000000000000000000             1.00000000000000000000             8.22500000335276126862             0.17999999970197677612             0.03346875047590583407             0.03800000053644181364            16.40000006556510925293            16.45000006631016731262
             0.07157765362512727436             0.17249999959021808382             0.05121875070687384457             0.00000000000000000000             1.00000000000000000000             8.27500000409781932831             0.17499999962747098126             0.04246875059511512340             0.04687500065192579113            16.50000006705522537231            16.55000006780028343201
             0.07788664373917940364             0.16749999951571226120             0.05971875081118196982             0.00000000000000000000             1.00000000000000000000             8.32500000484287738800             0.16999999955296518639             0.05121875070687384457             0.05550000075995922821            16.60000006854534149170            16.65000006929039955139
             0.08437861799357068704             0.16249999944120646633             0.06796875090803952690             0.00000000000000000000             1.00000000000000000000             8.37500000558793544769             0.16499999947845936377             0.05971875081118196982             0.06387500086054206938            16.70000007003545761108            16.75000007078051567078
             0.09094641940515212075             0.15749999936670067147             0.07596875099744647419             0.00000000000000000000             1.00000000000000000000             8.42500000633299350739             0.15999999940395356890             0.06796875090803952690             0.07200000095367431463            16.80000007152557373047            16.85000007227063179016
             0.09751322657363370450             0.15249999929219484884             0.08371875107940285332             0.00000000000000000000             1.00000000000000000000             8.47500000707805156708             0.15499999932944774628             0.07596875099744647419             0.07987500103935599172            16.90000007301568984985            16.95000007376074790955
             0.10402336582030270729             0.14749999921768905398             0.09121875115390867816             0.00000000000000000000             1.00000000000000000000             8.52500000782310962677             0.14999999925494195141             0.08371875107940285332             0.08750000111758710064            17.00000007450580596924            17.05000007525086402893
             0.11043593184069162849             0.14249999914318323135             0.09846875122096390709             0.00000000000000000000             1.00000000000000000000             8.57500000856816768646             0.14499999918043612879             0.09121875115390867816             0.09487500118836761365            17.10000007599592208862            17.15000007674098014832
             0.11672042482439924649             0.13749999906867743649             0.10546875128056854010             0.00000000000000000000             1.00000000000000000000             8.62500000931322574615             0.13999999910593033392             0.09846875122096390709             0.10200000125169754461            17.20000007748603820801            17.25000007823109626770
             0.12285376764748094647             0.13249999899417161386             0.11221875133272260494             0.00000000000000000000             1.00000000000000000000             8.67500001005828380585             0.13499999903142453905             0.10546875128056854010             0.10887500130757689354            17.30000007897615432739            17.35000007972121238708
             0.12881825182450240552             0.12749999891966581900             0.11871875137742608775             0.00000000000000000000             1.00000000000000000000             8.72500001080334186554             0.12999999895691871643             0.11221875133272260494             0.11550000135600567430            17.40000008046627044678            17.45000008121132850647
             0.13460010737235553191             0.12249999884516001025             0.12496875141467898851             0.00000000000000000000             1.00000000000000000000             8.77500001154839992523             0.12499999888241292156             0.11871875137742608775             0.12187500139698385915            17.50000008195638656616            17.55000008270144462585
             0.14018849428334742568             0.11749999877065420151             0.13096875144448130723             0.00000000000000000000             1.00000000000000000000             8.82500001229345798492             0.11999999880790711282             0.12496875141467898851             0.12800000143051148971            17.60000008344650268555            17.65000008419156074524
             0.14557478173487148343             0.11249999869614840664             0.13671875146683304392             0.00000000000000000000             1.00000000000000000000             8.87500001303851604462             0.11499999873340130407             0.13096875144448130723             0.13387500145658848272            17.70000008493661880493            17.75000008568167686462
             0.15075202601467446728             0.10749999862164259790             0.14221875148173421244             0.00000000000000000000             1.00000000000000000000             8.92500001378357410431             0.10999999865889549533             0.13671875146683304392             0.13950000147521496308            17.80000008642673492432            17.85000008717179298401
             0.15571458743574653760             0.10249999854713678915             0.14746875148918481280             0.00000000000000000000             1.00000000000000000000             8.97500001452863216400             0.10499999858438968658             0.14221875148173421244             0.14487500148639081976            17.90000008791685104370            17.95000008866190910339
             0.16045784572646049071             0.09749999847263098041             0.15246875148918478948             0.00000000000000000000             1.00000000000000000000             9.02500001527369022369             0.09999999850988389172             0.14746875148918481280             0.15000000149011610828            18.00000008940696716309            18.05000009015202522278
             0.16497798608293504086             0.09249999839812517166             0.15721875148173419801             0.00000000000000000000             1.00000000000000000000             9.07500001601874828339             0.09499999843537808297             0.15246875148918478948             0.15487500148639082864            18.10000009089708328247            18.15000009164214134216
             0.16927183655439295706             0.08749999832361937679             0.16171875146683303837             0.00000000000000000000             1.00000000000000000000             9.12500001676380634308             0.08999999836087227423             0.15721875148173419801             0.15950000147521495308            18.20000009238719940186            18.25000009313225746155
             0.17333674316354805156             0.08249999824911356805             0.16596875144448131056             0.00000000000000000000             1.00000000000000000000             9.17500001750886440277             0.08499999828636646548             0.16171875146683303837             0.16387500145658850936            18.30000009387731552124            18.35000009462237358093
             0.17717047308163610952             0.07749999817460775930             0.16996875141467898684             0.00000000000000000000             1.00000000000000000000             9.22500001825392246246             0.07999999821186065674             0.16596875144448131056             0.16800000143051146972            18.40000009536743164063            18.45000009611248970032
             0.18077113888737267322             0.07249999810010195056             0.17371875137742606721             0.00000000000000000000             1.00000000000000000000             9.27500001899898052216             0.07499999813735484799             0.16996875141467898684             0.17187500139698386192            18.50000009685754776001            18.55000009760260581970
             0.18413713883525822945             0.06749999802559614182             0.17721875133272257941             0.00000000000000000000             1.00000000000000000000             9.32500001974403858185             0.06999999806284905313             0.17371875137742606721             0.17550000135600565820            18.60000009834766387939            18.65000009909272193909
             0.18726710940064597577             0.06249999795109034001             0.18046875128056852344             0.00000000000000000000             1.00000000000000000000             9.37500002048909664154             0.06499999798834324438             0.17721875133272257941             0.17887500130757688632            18.70000009983777999878            18.75000010058283805847
             0.19015988732928335025             0.05749999787658453126             0.18346875122096387156             0.00000000000000000000             1.00000000000000000000             9.42500002123415470123             0.05999999791383743564             0.18046875128056852344             0.18200000125169751852            18.80000010132789611816            18.85000010207295417786
             0.19281447911354365754             0.05249999780207872946             0.18621875115390865152             0.00000000000000000000             1.00000000000000000000             9.47500002197921276093             0.05499999783933162689             0.18346875122096387156             0.18487500118836758256            18.90000010281801223755            18.95000010356307029724
             0.19523003632503738158             0.04749999772757292071             0.18871875107940283556             0.00000000000000000000             1.00000000000000000000             9.52500002272427082062             0.04999999776482582509             0.18621875115390865152             0.18750000111758707844            19.00000010430812835693            19.05000010505318641663
             0.19740583560784244477             0.04249999765306711197             0.19096875099744645143             0.00000000000000000000             1.00000000000000000000             9.57500002346932888031             0.04499999769032001634             0.18871875107940283556             0.18987500103935597839            19.10000010579824447632            19.15000010654330253601
             0.19934126241577482253             0.03749999757856131016             0.19296875090803949915             0.00000000000000000000             1.00000000000000000000             9.62500002421438694000             0.03999999761581421454             0.19096875099744645143             0.19200000095367431019            19.20000010728836059570            19.25000010803341865540
             0.20103579778729205318             0.03249999750405550142             0.19471875081118195094             0.00000000000000000000             1.00000000000000000000             9.67500002495944499969             0.03499999754130840579             0.19296875090803949915             0.19387500086054204607            19.30000010877847671509            19.35000010952353477478
             0.20248900761145555149             0.02749999742954969614             0.19621875070687380682             0.00000000000000000000             1.00000000000000000000             9.72500002570450305939             0.02999999746680259705             0.19471875081118195094             0.19550000075995921378            19.40000011026859283447            19.45000011101365089417
             0.20370053396125789580             0.02249999735504389087             0.19746875059511509454             0.00000000000000000000             1.00000000000000000000             9.77500002644956111908             0.02499999739229679177             0.19621875070687380682             0.19687500065192578558            19.50000011175870895386            19.55000011250376701355
             0.20467008816623197265             0.01749999728053808212             0.19846875047590581409             0.00000000000000000000             1.00000000000000000000             9.82500002719461917877             0.01999999731779098650             0.19746875059511509454             0.19800000053644178921            19.60000011324882507324            19.65000011399388313293
             0.20539744537170120942             0.01249999720603227685             0.19921875034924593773             0.00000000000000000000             1.00000000000000000000             9.87500002793967723846             0.01499999724328517949             0.19846875047590581409             0.19887500041350719693            19.70000011473894119263            19.75000011548399925232
             0.20588244039257327933             0.00749999713152647070             0.19971875021513549320             0.00000000000000000000             1.00000000000000000000             9.92500002868473529816             0.00999999716877937421             0.19921875034924593773             0.19950000028312203648            19.80000011622905731201            19.85000011697411537170
             0.20612496471920496721             0.00249999705702066456             0.19996875007357445275             0.00000000000000000000             1.00000000000000000000             9.97500002942979335785             0.00499999709427356720             0.19971875021513549320             0.19987500014528628012            19.90000011771917343140            19.95000011846423149109
             0.20612496457464379862            -0.00250000301748514201             0.19996874992456284414             0.00000000000000000000             1.00000000000000000000            10.02500003017485141754            -0.00000000298023223877             0.19996875007357445275             0.19999999999999995559            20.00000011920928955078            20.05000011995434761047
             0.20588243995892172022            -0.00750000309199094772             0.19971874976810063962             0.00000000000000000000             1.00000000000000000000            10.07500003091990947723            -0.00500000305473804509             0.19996874992456284414             0.19987499984726306290            20.10000012069940567017            20.15000012144446372986
             0.20539744464905571042            -0.01250000316649675473             0.19921874960418786693             0.00000000000000000000             1.00000000000000000000            10.12500003166496753693            -0.01000000312924385210             0.19971874976810063962             0.19949999968707557430            20.20000012218952178955            20.25000012293457984924
             0.20467008715475518144            -0.01750000324100256174             0.19846874943282449832             0.00000000000000000000             1.00000000000000000000            10.17500003241002559662            -0.01500000320374965737             0.19921874960418786693             0.19887499951943751753            20.30000012367963790894            20.35000012442469596863
             0.20370053266118157143            -0.02250000331550836702             0.19746874925401056156             0.00000000000000000000             1.00000000000000000000            10.22500003315508365631            -0.02000000327825546265             0.19846874943282449832             0.19799999934434886484            20.40000012516975402832            20.45000012591481208801
             0.20248900602308486651            -0.02750000339001417229             0.19621874906774605662             0.00000000000000000000             1.00000000000000000000            10.27500003390014171600            -0.02500000335276127139             0.19746874925401056156             0.19687499916180964399            20.50000012665987014771            20.55000012740492820740
             0.20103579591101117252            -0.03250000346451997757             0.19471874887403095578             0.00000000000000000000             1.00000000000000000000            10.32500003464519977570            -0.03000000342726707667             0.19621874906774605662             0.19549999897181982722            20.60000012814998626709            20.65000012889504432678
             0.19934126025205434196            -0.03750000353902578631             0.19296874867286528676             0.00000000000000000000             1.00000000000000000000            10.37500003539025783539            -0.03500000350177288194             0.19471874887403095578             0.19387499877437944229            20.70000012964010238647            20.75000013038516044617
             0.19740583315724846702            -0.04250000361353159506             0.19096874846424902183             0.00000000000000000000             1.00000000000000000000            10.42500003613531589508            -0.04000000357627869069             0.19296874867286528676             0.19199999856948846144            20.80000013113021850586            20.85000013187527656555
             0.19523003358824322917            -0.04750000368803739687             0.18871874824818218874             0.00000000000000000000             1.00000000000000000000            10.47500003688037395477            -0.04500000365078449249             0.19096874846424902183             0.18987499835714691243            20.90000013262033462524            20.95000013336539268494
             0.19281447609134380605            -0.05250000376254320561             0.18621874802466475973             0.00000000000000000000             1.00000000000000000000            10.52500003762543201447            -0.05000000372529030124             0.18871874824818218874             0.18749999813735479526            21.00000013411045074463            21.05000013485550880432
             0.19015988402261113643            -0.05750000383704900742             0.18346874779369676256             0.00000000000000000000             1.00000000000000000000            10.57500003837049007416            -0.05500000379979610998             0.18621874802466475973             0.18487499791011208217            21.10000013560056686401            21.15000013634562492371
             0.18726710581059485827            -0.06250000391155481616             0.18046874755527816947             0.00000000000000000000             1.00000000000000000000            10.62500003911554813385            -0.06000000387430191179             0.18346874779369676256             0.18199999767541880091            21.20000013709068298340            21.25000013783574104309
             0.18413713496310832318            -0.06750000398606062491             0.17721874730940900822             0.00000000000000000000             1.00000000000000000000            10.67500003986060619354            -0.06500000394880771359             0.18046874755527816947             0.17887499743327492374            21.30000013858079910278            21.35000013932585716248
             0.18077113473462327886            -0.07250000406056643365             0.17371874705608925105             0.00000000000000000000             1.00000000000000000000            10.72500004060566425323            -0.07000000402331352234             0.17721874730940900822             0.17549999718368047841            21.40000014007091522217            21.45000014081597328186
             0.17717046865004634770            -0.07750000413507224239             0.16996874679531895347             0.00000000000000000000             1.00000000000000000000            10.77500004135072231293            -0.07500000409781933108             0.17371874705608925105             0.17187499692663543716            21.50000014156103134155            21.55000014230608940125
             0.17333673845518704493            -0.08250000420957803726             0.16596874652709803222             0.00000000000000000000             1.00000000000000000000            10.82500004209578037262            -0.08000000417232513983             0.16996874679531895347             0.16799999666213982774            21.60000014305114746094            21.65000014379620552063
             0.16927183157170330730            -0.08750000428408384601             0.16171874625142654280             0.00000000000000000000             1.00000000000000000000            10.87500004284083843231            -0.08500000424683094857             0.16596874652709803222             0.16387499639019362241            21.70000014454126358032            21.75000014528632164001
             0.16497798082881262594            -0.09250000435858965475             0.15721874596830448523             0.00000000000000000000             1.00000000000000000000            10.92500004358589649200            -0.09000000432133675732             0.16171874625142654280             0.15949999611079684891            21.80000014603137969971            21.85000014677643775940
             0.16045784020435610584            -0.09750000443309546350             0.15246874567773183173             0.00000000000000000000             1.00000000000000000000            10.97500004433095455170            -0.09500000439584255219             0.15721874596830448523             0.15487499582394947950            21.90000014752149581909            21.95000014826655387878
             0.15571458164979648520            -0.10250000450760127224             0.14746874537970861008             0.00000000000000000000             1.00000000000000000000            11.02500004507601261139            -0.10000000447034836093             0.15246874567773183173             0.14999999552965154193            22.00000014901161193848            22.05000014975666999817
             0.15075201996986972719            -0.10750000458210706711             0.14221874507423482026             0.00000000000000000000             1.00000000000000000000            11.07500004582107067108            -0.10500000454485416967             0.14746874537970861008             0.14487499522790303619            22.10000015050172805786            22.15000015124678611755
             0.14557477543727878611            -0.11250000465661287585             0.13671874476131040677             0.00000000000000000000             1.00000000000000000000            11.12500004656612873077            -0.11000000461935997842             0.14221874507423482026             0.13949999491870393453            22.20000015199184417725            22.25000015273690223694
             0.14018848774040207350            -0.11750000473111868460             0.13096874444093542511             0.00000000000000000000             1.00000000000000000000            11.17500004731118679047            -0.11500000469386578716             0.13671874476131040677             0.13387499460205426471            22.30000015348196029663            22.35000015422701835632
             0.13460010059325269727            -0.12250000480562449334             0.12496874411310988917             0.00000000000000000000             1.00000000000000000000            11.22500004805624485016            -0.12000000476837158203             0.13096874444093542511             0.12799999427795399898            22.40000015497207641602            22.45000015571713447571
             0.12881824482072695703            -0.12750000488013030209             0.11871874377783375731             0.00000000000000000000             1.00000000000000000000            11.27500004880130290985            -0.12500000484287740465             0.12496874411310988917             0.12187499394640315120            22.50000015646219253540            22.55000015720725059509
             0.12285376043353410380            -0.13250000495463609695             0.11221874343510705729             0.00000000000000000000             1.00000000000000000000            11.32500004954636096954            -0.13000000491738319952             0.11871874377783375731             0.11549999360740173526            22.60000015795230865479            22.65000015869736671448
             0.11672041741880777310            -0.13750000502914191958             0.10546874308492976136             0.00000000000000000000             1.00000000000000000000            11.37500005029141902924            -0.13500000499188899439             0.11221874343510705729             0.10887499326094973728            22.70000015944242477417            22.75000016018748283386
             0.11043592426742927792            -0.14250000510364771444             0.09846874272730188338             0.00000000000000000000             1.00000000000000000000            11.42500005103647708893            -0.14000000506639481701             0.10546874308492976136             0.10199999290704714339            22.80000016093254089355            22.85000016167759895325
             0.10402335811081808714            -0.14750000517815350931             0.09121874236222343724             0.00000000000000000000             1.00000000000000000000            11.47500005178153514862            -0.14500000514090061188             0.09846874272730188338             0.09487499254569398133            22.90000016242265701294            22.95000016316771507263
             0.09751321876977925296            -0.15250000525265933193             0.08371874198969440906             0.00000000000000000000             1.00000000000000000000            11.52500005252659320831            -0.15000000521540643450             0.09121874236222343724             0.08749999217689025111            23.00000016391277313232            23.05000016465783119202
             0.09094641156345542599            -0.15750000532716512680             0.07596874160971478496             0.00000000000000000000             1.00000000000000000000            11.57500005327165126801            -0.15500000528991222937             0.08371874198969440906             0.07987499180063591109            23.10000016540288925171            23.15000016614794731140
             0.08437861019149162090            -0.16250000540167094942             0.06796874122228457882             0.00000000000000000000             1.00000000000000000000            11.62500005401670932770            -0.16000000536441805199             0.07596874160971478496             0.07199999141693100291            23.20000016689300537109            23.25000016763806343079
             0.07788663608422456697            -0.16750000547617674429             0.05971874082740380452             0.00000000000000000000             1.00000000000000000000            11.67500005476176738739            -0.16500000543892384686             0.06796874122228457882             0.06387499102577551269            23.30000016838312149048            23.35000016912817955017
             0.07157764626778920225            -0.17250000555068256691             0.05121874042507246205             0.00000000000000000000             1.00000000000000000000            11.72500005550682544708            -0.17000000551342964172             0.05971874082740380452             0.05549999062716945430            23.40000016987323760986            23.45000017061829566956
             0.06560178315405873484            -0.17750000562518836178             0.04246874001529052367             0.00000000000000000000             1.00000000000000000000            11.77500005625188350677            -0.17500000558793546435             0.05121874042507246205             0.04687499022111280000            23.50000017136335372925            23.55000017210841178894
             0.06016773724171803339            -0.18250000569969415665             0.03346873959805801713             0.00000000000000000000             1.00000000000000000000            11.82500005699694156647            -0.18000000566244125921             0.04246874001529052367             0.03799998980760560530            23.60000017285346984863            23.65000017359852790833
             0.05555670438078351425            -0.18750000577419997927             0.02421873917337488691             0.00000000000000000000             1.00000000000000000000            11.87500005774199962616            -0.18500000573694708184             0.03346873959805801713             0.02887498938664775916            23.70000017434358596802            23.75000017508864402771
             0.05212140965705669426            -0.19250000584870577414             0.01471873874124124404             0.00000000000000000000             1.00000000000000000000            11.92500005848705768585            -0.19000000581145287670             0.02421873917337488691             0.01949998895823940037            23.80000017583370208740            23.85000017657876014709
             0.05024627782051283020            -0.19750000592321159676             0.00496873830165694974             0.00000000000000000000             1.00000000000000000000            11.97500005923211574554            -0.19500000588595867157             0.01471873874124124404             0.00987498852238041791            23.90000017732381820679            23.95000017806887626648
             0.05000000074505805969             0.00000000000000000000             0.00000000000000000000             0.00000000000000000000             1.00000000000000000000            12.02500000037252902985             0.00000000000000000000             0.00496873830165694974             0.00000000000000000000            24.00000017881393432617            24.05000017955899238586
             0.05000000074505805969             0.00000000000000000000             0.00000000000000000000             0.00000000000000000000             1.00000000000000000000            12.07500000111758708954             0.00000000000000000000             0.00000000000000000000             0.00000000000000000000            24.10000018030405044556            24.15000018104910850525
             0.05000000074505805969             0.00000000000000000000             0.00000000000000000000             0.00000000000000000000             1.00000000000000000000            12.12500000186264514923             0.00000000000000000000             0.00000000000000000000             0.00000000000000000000            24.20000018179416656494            24.25000018253922462463
             0.05000000074505805969             0.00000000000000000000             0.00000000000000000000             0.00000000000000000000             1.00000000000000000000            12.17500000260770320892             0.00000000000000000000             0.00000000000000000000             0.00000000000000000000            24.30000018328428268433            24.35000018402934074402
             0.05000000074505805969             0.00000000000000000000             0.00000000000000000000             0.00000000000000000000             1.00000000000000000000            12.22500000335276126862             0.00000000000000000000             0.00000000000000000000             0.00000000000000000000            24.40000018477439880371            24.45000018551945686340
             0.05000000074505805969             0.00000000000000000000             0.00000000000000000000             0.00000000000000000000             1.00000000000000000000            12.27500000409781932831             0.00000000000000000000             0.00000000000000000000             0.00000000000000000000            24.50000018626451492310            24.55000018700957298279
             0.05000000074505805969             0.00000000000000000000             0.00000000000000000000             0.00000000000000000000             1.00000000000000000000            12.32500000484287738800             0.00000000000000000000             0.00000000000000000000             0.00000000000000000000            24.60000018775463104248            24.65000018849968910217
             0.05000000074505805969             0.00000000000000000000             0.00000000000000000000             0.00000000000000000000             1.00000000000000000000            12.37500000558793544769             0.00000000000000000000             0.00000000000000000000             0.00000000000000000000            24.70000018924474716187            24.75000018998980522156
             0.05000000074505805969             0.00000000000000000000             0.00000000000000000000             0.00000000000000000000             1.00000000000000000000            12.42500000633299350739             0.00000000000000000000             0.00000000000000000000             0.00000000000000000000            24.80000019073486328125            24.85000019147992134094
             0.05000000074505805969             0.00000000000000000000             0.00000000000000000000             0.00000000000000000000             1.00000000000000000000            12.47500000707805156708             0.00000000000000000000             0.00000000000000000000             0.00000000000000000000            24.90000019222497940063             0.00000000000000000000
             0.00000000000000000000
